0.140407
1.1026e+01 2.5427e+00 1.0082e+01
1.1552e+01 2.3425e+00 1.0696e+01
1.1026e+01 2.5427e+00 1.0082e+01
1.0989e+01 2.5674e+00 1.0116e+01
1.0987e+01 2.5680e+00 1.0118e+01
1.0989e+01 2.5674e+00 1.0116e+01
1.0989e+01 2.5674e+00 1.0116e+01
1.0992e+01 2.5671e+00 1.0115e+01
1.0989e+01 2.5674e+00 1.0116e+01
1.0987e+01 2.5679e+00 1.0118e+01
1.0987e+01 2.5681e+00 1.0118e+01
1.0987e+01 2.5679e+00 1.0118e+01
1.0987e+01 2.5681e+00 1.0118e+01
1.0987e+01 2.5681e+00 1.0118e+01
1.0987e+01 2.5681e+00 1.0118e+01
1.0987e+01 2.5681e+00 1.0118e+01
1.0987e+01 2.5681e+00 1.0118e+01
1.0987e+01 2.5681e+00 1.0118e+01
1.0989e+01 2.5674e+00 1.0116e+01
1.0992e+01 2.5671e+00 1.0115e+01
1.0989e+01 2.5674e+00 1.0116e+01
1.0987e+01 2.5679e+00 1.0118e+01
1.0987e+01 2.5681e+00 1.0118e+01
1.0987e+01 2.5679e+00 1.0118e+01
1.1026e+01 2.5427e+00 1.0082e+01
1.1026e+01 2.5427e+00 1.0082e+01
1.0992e+01 2.5671e+00 1.0115e+01
1.0987e+01 2.5679e+00 1.0118e+01
1.0987e+01 2.5679e+00 1.0118e+01
1.0992e+01 2.5671e+00 1.0115e+01
1.0987e+01 2.5679e+00 1.0118e+01
1.0987e+01 2.5679e+00 1.0118e+01
1.0987e+01 2.5680e+00 1.0118e+01
1.0987e+01 2.5681e+00 1.0118e+01
1.0987e+01 2.5681e+00 1.0118e+01
1.0987e+01 2.5680e+00 1.0118e+01
1.0987e+01 2.5679e+00 1.0118e+01
1.0987e+01 2.5679e+00 1.0118e+01
1.0987e+01 2.5680e+00 1.0118e+01
1.0987e+01 2.5681e+00 1.0118e+01
1.0987e+01 2.5681e+00 1.0118e+01
1.0987e+01 2.5680e+00 1.0118e+01
1.1026e+01 2.5427e+00 1.0082e+01
1.1026e+01 2.5427e+00 1.0082e+01
1.0992e+01 2.5671e+00 1.0115e+01
1.0987e+01 2.5679e+00 1.0118e+01
1.0987e+01 2.5679e+00 1.0118e+01
1.0992e+01 2.5671e+00 1.0115e+01
