121.702118
9.9507e+01 1.3229e+00 1.7073e-01
6.1276e+01 1.2009e-02 9.8512e+01
6.1275e+01 1.2009e-02 9.8512e+01
9.9507e+01 1.3230e+00 1.7070e-01
6.1277e+01 1.2009e-02 9.8511e+01
6.1278e+01 1.2009e-02 9.8511e+01
9.9507e+01 1.3229e+00 1.7073e-01
6.1276e+01 1.2009e-02 9.8512e+01
6.1275e+01 1.2009e-02 9.8512e+01
9.9507e+01 1.3230e+00 1.7070e-01
6.1277e+01 1.2009e-02 9.8511e+01
6.1278e+01 1.2009e-02 9.8511e+01
9.9507e+01 1.3229e+00 1.7073e-01
6.1276e+01 1.2009e-02 9.8512e+01
6.1275e+01 1.2009e-02 9.8512e+01
9.9507e+01 1.3230e+00 1.7070e-01
6.1277e+01 1.2009e-02 9.8511e+01
6.1278e+01 1.2009e-02 9.8511e+01
9.9507e+01 1.3229e+00 1.7073e-01
6.1276e+01 1.2009e-02 9.8512e+01
6.1275e+01 1.2009e-02 9.8512e+01
9.9507e+01 1.3230e+00 1.7070e-01
6.1277e+01 1.2009e-02 9.8511e+01
6.1278e+01 1.2009e-02 9.8511e+01
6.1277e+01 1.2009e-02 9.8511e+01
9.9507e+01 1.3230e+00 1.7070e-01
6.1275e+01 1.2009e-02 9.8512e+01
6.1276e+01 1.2009e-02 9.8512e+01
9.9507e+01 1.3229e+00 1.7073e-01
6.1278e+01 1.2009e-02 9.8511e+01
6.1277e+01 1.2009e-02 9.8511e+01
9.9507e+01 1.3230e+00 1.7070e-01
6.1275e+01 1.2009e-02 9.8512e+01
6.1276e+01 1.2009e-02 9.8512e+01
9.9507e+01 1.3229e+00 1.7073e-01
6.1278e+01 1.2009e-02 9.8511e+01
6.1277e+01 1.2009e-02 9.8511e+01
9.9507e+01 1.3230e+00 1.7070e-01
6.1275e+01 1.2009e-02 9.8512e+01
6.1276e+01 1.2009e-02 9.8512e+01
9.9507e+01 1.3229e+00 1.7073e-01
6.1278e+01 1.2009e-02 9.8511e+01
6.1277e+01 1.2009e-02 9.8511e+01
9.9507e+01 1.3230e+00 1.7070e-01
6.1275e+01 1.2009e-02 9.8512e+01
6.1276e+01 1.2009e-02 9.8512e+01
9.9507e+01 1.3229e+00 1.7073e-01
6.1278e+01 1.2009e-02 9.8511e+01
