0.000781
5.7456e-01 1.0533e+00 2.9977e-01
5.7837e-01 1.0609e-01 1.0492e+01
1.0699e+00 1.0494e+00 2.9982e-01
5.7450e-01 1.0533e+00 2.9978e-01
5.7450e-01 1.0533e+00 2.9978e-01
5.7450e-01 1.0533e+00 2.9978e-01
5.7450e-01 1.0533e+00 2.9978e-01
5.7450e-01 1.0533e+00 2.9978e-01
5.7450e-01 1.0533e+00 2.9978e-01
5.7450e-01 1.0533e+00 2.9978e-01
5.7450e-01 1.0533e+00 2.9978e-01
5.7450e-01 1.0533e+00 2.9978e-01
5.7450e-01 1.0533e+00 2.9978e-01
5.7450e-01 1.0533e+00 2.9978e-01
5.7450e-01 1.0533e+00 2.9978e-01
5.7450e-01 1.0533e+00 2.9978e-01
5.7450e-01 1.0533e+00 2.9978e-01
5.7450e-01 1.0533e+00 2.9978e-01
5.7450e-01 1.0533e+00 2.9978e-01
5.7450e-01 1.0533e+00 2.9978e-01
5.7450e-01 1.0533e+00 2.9978e-01
5.7450e-01 1.0533e+00 2.9978e-01
5.7450e-01 1.0533e+00 2.9978e-01
5.7450e-01 1.0533e+00 2.9978e-01
5.7456e-01 1.0533e+00 2.9977e-01
5.7456e-01 1.0533e+00 2.9977e-01
5.7450e-01 1.0533e+00 2.9978e-01
5.7450e-01 1.0533e+00 2.9978e-01
5.7450e-01 1.0533e+00 2.9978e-01
5.7450e-01 1.0533e+00 2.9978e-01
5.7450e-01 1.0533e+00 2.9978e-01
5.7450e-01 1.0533e+00 2.9978e-01
5.7450e-01 1.0533e+00 2.9978e-01
5.7450e-01 1.0533e+00 2.9978e-01
5.7450e-01 1.0533e+00 2.9978e-01
5.7450e-01 1.0533e+00 2.9978e-01
5.7450e-01 1.0533e+00 2.9978e-01
5.7450e-01 1.0533e+00 2.9978e-01
5.7450e-01 1.0533e+00 2.9978e-01
5.7450e-01 1.0533e+00 2.9978e-01
5.7450e-01 1.0533e+00 2.9978e-01
5.7450e-01 1.0533e+00 2.9978e-01
5.7456e-01 1.0533e+00 2.9977e-01
5.7456e-01 1.0533e+00 2.9977e-01
5.7450e-01 1.0533e+00 2.9978e-01
5.7450e-01 1.0533e+00 2.9978e-01
5.7450e-01 1.0533e+00 2.9978e-01
5.7450e-01 1.0533e+00 2.9978e-01
