1.347379
4.5783e+01 8.2777e-02 1.3122e+00
6.7041e+01 9.0668e-03 1.4068e+01
5.0934e+01 5.4912e-02 2.1764e+00
5.0718e+01 5.9239e-02 1.9550e+00
5.1493e+01 5.3583e-02 2.2275e+00
5.2186e+01 5.1125e-02 2.3414e+00
5.2058e+01 5.2171e-02 2.2806e+00
5.4573e+01 3.8070e-02 3.3226e+00
5.2821e+01 4.7237e-02 2.5803e+00
5.0849e+01 5.8708e-02 1.9748e+00
5.1584e+01 5.3007e-02 2.2578e+00
5.0786e+01 5.8705e-02 1.9786e+00
5.1532e+01 5.3617e-02 2.2230e+00
5.1703e+01 5.2100e-02 2.3085e+00
5.1578e+01 5.3182e-02 2.2472e+00
5.1391e+01 5.4754e-02 2.1627e+00
5.1351e+01 5.5015e-02 2.1497e+00
5.1366e+01 5.4971e-02 2.1514e+00
5.2058e+01 5.2171e-02 2.2806e+00
5.4573e+01 3.8070e-02 3.3226e+00
5.2821e+01 4.7237e-02 2.5803e+00
5.0849e+01 5.8708e-02 1.9748e+00
5.1584e+01 5.3007e-02 2.2578e+00
5.0786e+01 5.8705e-02 1.9786e+00
4.6502e+01 7.6609e-02 1.4668e+00
4.3870e+01 9.5758e-02 1.0729e+00
5.3240e+01 4.3972e-02 2.8233e+00
5.1357e+01 5.5020e-02 2.1490e+00
5.0755e+01 5.8954e-02 1.9675e+00
5.4245e+01 3.9909e-02 3.1442e+00
5.0729e+01 5.9154e-02 1.9586e+00
5.0623e+01 6.0055e-02 1.9189e+00
5.1247e+01 5.5411e-02 2.1329e+00
5.1434e+01 5.4321e-02 2.1860e+00
5.1443e+01 5.4314e-02 2.1859e+00
5.1363e+01 5.4535e-02 2.1775e+00
5.0729e+01 5.9154e-02 1.9586e+00
5.0623e+01 6.0055e-02 1.9189e+00
5.1247e+01 5.5411e-02 2.1329e+00
5.1434e+01 5.4321e-02 2.1860e+00
5.1443e+01 5.4314e-02 2.1859e+00
5.1363e+01 5.4535e-02 2.1775e+00
4.6502e+01 7.6609e-02 1.4668e+00
4.3870e+01 9.5758e-02 1.0729e+00
5.3240e+01 4.3972e-02 2.8233e+00
5.1357e+01 5.5020e-02 2.1490e+00
5.0755e+01 5.8954e-02 1.9675e+00
5.4245e+01 3.9909e-02 3.1442e+00
