0.000031
5.0313e-01 1.0030e+00 3.9286e-07
1.5031e+00 1.0030e+00 1.0506e-05
5.0313e-01 1.0030e+00 3.9286e-07
5.0313e-01 1.0030e+00 3.9286e-07
5.0313e-01 1.0030e+00 3.9286e-07
5.0313e-01 1.0030e+00 3.9286e-07
5.0313e-01 1.0030e+00 3.9286e-07
5.0313e-01 1.0030e+00 3.9286e-07
5.0313e-01 1.0030e+00 3.9286e-07
5.0313e-01 1.0030e+00 3.9286e-07
5.0313e-01 1.0030e+00 3.9286e-07
5.0313e-01 1.0030e+00 3.9286e-07
5.0313e-01 1.0030e+00 3.9286e-07
5.0313e-01 1.0030e+00 3.9286e-07
5.0313e-01 1.0030e+00 3.9286e-07
5.0313e-01 1.0030e+00 3.9286e-07
5.0313e-01 1.0030e+00 3.9286e-07
5.0313e-01 1.0030e+00 3.9286e-07
5.0313e-01 1.0030e+00 3.9286e-07
5.0313e-01 1.0030e+00 3.9286e-07
5.0313e-01 1.0030e+00 3.9286e-07
5.0313e-01 1.0030e+00 3.9286e-07
5.0313e-01 1.0030e+00 3.9286e-07
5.0313e-01 1.0030e+00 3.9286e-07
5.0313e-01 1.0030e+00 3.9286e-07
5.0313e-01 1.0030e+00 3.9286e-07
5.0313e-01 1.0030e+00 3.9286e-07
5.0313e-01 1.0030e+00 3.9286e-07
5.0313e-01 1.0030e+00 3.9286e-07
5.0313e-01 1.0030e+00 3.9286e-07
5.0313e-01 1.0030e+00 3.9286e-07
5.0313e-01 1.0030e+00 3.9286e-07
5.0313e-01 1.0030e+00 3.9286e-07
5.0313e-01 1.0030e+00 3.9286e-07
5.0313e-01 1.0030e+00 3.9286e-07
5.0313e-01 1.0030e+00 3.9286e-07
5.0313e-01 1.0030e+00 3.9286e-07
5.0313e-01 1.0030e+00 3.9286e-07
5.0313e-01 1.0030e+00 3.9286e-07
5.0313e-01 1.0030e+00 3.9286e-07
5.0313e-01 1.0030e+00 3.9286e-07
5.0313e-01 1.0030e+00 3.9286e-07
5.0313e-01 1.0030e+00 3.9286e-07
5.0313e-01 1.0030e+00 3.9286e-07
5.0313e-01 1.0030e+00 3.9286e-07
5.0313e-01 1.0030e+00 3.9286e-07
5.0313e-01 1.0030e+00 3.9286e-07
5.0313e-01 1.0030e+00 3.9286e-07
