106.499113
6.1441e+01 1.1992e-02 9.8523e+01
6.1532e+01 1.1995e-02 9.8513e+01
6.1471e+01 1.1985e-02 9.8519e+01
6.1884e+01 1.1951e-02 9.8474e+01
6.2672e+01 1.1909e-02 9.8382e+01
9.9649e+01 1.1693e+00 1.6667e-01
8.1881e+01 1.2563e-02 8.9048e+01
7.9738e+01 1.2025e-02 9.1680e+01
9.9610e+01 1.0701e+00 2.3144e-01
6.3799e+01 1.1774e-02 9.8237e+01
9.9525e+01 1.3011e+00 1.6399e-01
6.1514e+01 1.1987e-02 9.8515e+01
6.5232e+01 1.2229e-02 9.8027e+01
6.1555e+01 1.1860e-02 9.8510e+01
6.1444e+01 1.1995e-02 9.8522e+01
6.1305e+01 1.1984e-02 9.8537e+01
6.1953e+01 1.1956e-02 9.8466e+01
9.9597e+01 1.2088e+00 1.7228e-01
8.4087e+01 1.3766e-02 8.5155e+01
7.5198e+01 1.1979e-02 9.5058e+01
7.8053e+01 1.2057e-02 9.3205e+01
7.1965e+01 1.1860e-02 9.6438e+01
9.9561e+01 1.2652e+00 1.6363e-01
6.1982e+01 1.1826e-02 9.8463e+01
9.9580e+01 1.2365e+00 1.6763e-01
6.2272e+01 1.1769e-02 9.8429e+01
6.1395e+01 1.1987e-02 9.8527e+01
6.1212e+01 1.2004e-02 9.8547e+01
6.1222e+01 1.1994e-02 9.8546e+01
9.9498e+01 1.3187e+00 1.6839e-01
6.1954e+01 1.1954e-02 9.8466e+01
9.9581e+01 1.2425e+00 1.6458e-01
6.8361e+01 1.2165e-02 9.7438e+01
6.3836e+01 1.1644e-02 9.8232e+01
9.9624e+01 1.1854e+00 1.7018e-01
6.3293e+01 1.1477e-02 9.8304e+01
6.8313e+01 1.1740e-02 9.7449e+01
9.9549e+01 1.2735e+00 1.6547e-01
6.1755e+01 1.1975e-02 9.8488e+01
6.1446e+01 1.1988e-02 9.8522e+01
9.9491e+01 1.3234e+00 1.6903e-01
6.1196e+01 1.2010e-02 9.8549e+01
9.9499e+01 1.3192e+00 1.6768e-01
6.2429e+01 1.1814e-02 9.8411e+01
9.9607e+01 1.2048e+00 1.6962e-01
7.2771e+01 1.1806e-02 9.6146e+01
8.2186e+01 1.2997e-02 8.8593e+01
8.2208e+01 1.3476e-02 8.8558e+01
9.9520e+01 1.3056e+00 1.6439e-01
6.2431e+01 1.1802e-02 9.8411e+01
6.8027e+01 1.2221e-02 9.7511e+01
6.7153e+01 1.2198e-02 9.7690e+01
9.9539e+01 1.2789e+00 1.6754e-01
6.1615e+01 1.1992e-02 9.8504e+01
9.9498e+01 1.3184e+00 1.6824e-01
6.1852e+01 1.1970e-02 9.8477e+01
9.9557e+01 1.2537e+00 1.7022e-01
6.6933e+01 1.1993e-02 9.7732e+01
6.3859e+01 1.1765e-02 9.8229e+01
6.3051e+01 1.1893e-02 9.8335e+01
9.9608e+01 1.2136e+00 1.6520e-01
6.3560e+01 1.1571e-02 9.8269e+01
8.1840e+01 1.3119e-02 8.9107e+01
7.8530e+01 1.2173e-02 9.2813e+01
9.9641e+01 1.1562e+00 1.7560e-01
6.2869e+01 1.1915e-02 9.8358e+01
9.9510e+01 1.3093e+00 1.6712e-01
6.1910e+01 1.1980e-02 9.8471e+01
9.9552e+01 1.2565e+00 1.7108e-01
7.1862e+01 1.2440e-02 9.6473e+01
7.2095e+01 1.2332e-02 9.6393e+01
6.8355e+01 1.2010e-02 9.7440e+01
6.8351e+01 1.1989e-02 9.7441e+01
9.9645e+01 1.1666e+00 1.6932e-01
7.8400e+01 1.2492e-02 9.2921e+01
8.1217e+01 1.3076e-02 8.9963e+01
9.9690e+01 1.1042e+00 1.7649e-01
6.9178e+01 1.1552e-02 9.7248e+01
9.9590e+01 1.2299e+00 1.6604e-01
6.2130e+01 1.1945e-02 9.8446e+01
9.9507e+01 1.3127e+00 1.6694e-01
6.2141e+01 1.1957e-02 9.8445e+01
9.9578e+01 1.2288e+00 1.7191e-01
7.1699e+01 1.2428e-02 9.6527e+01
6.1779e+01 1.1872e-02 9.8486e+01
6.6320e+01 1.2057e-02 9.7844e+01
6.6721e+01 1.1868e-02 9.7772e+01
7.2789e+01 1.2261e-02 9.6139e+01
6.8300e+01 1.1774e-02 9.7452e+01
9.9632e+01 1.1827e+00 1.6788e-01
6.6893e+01 1.1647e-02 9.7740e+01
9.9602e+01 1.2111e+00 1.6914e-01
6.2301e+01 1.1925e-02 9.8426e+01
9.9505e+01 1.3135e+00 1.6732e-01
6.1972e+01 1.1964e-02 9.8464e+01
6.1812e+01 1.1967e-02 9.8482e+01
6.1535e+01 1.1860e-02 9.8512e+01
9.9501e+01 1.3130e+00 1.6944e-01
6.1349e+01 1.1999e-02 9.8532e+01
9.9505e+01 1.3131e+00 1.6740e-01
6.2917e+01 1.1792e-02 9.8352e+01
6.8764e+01 1.1413e-02 9.7347e+01
8.1879e+01 1.2518e-02 8.9051e+01
9.1200e+01 2.1049e-02 5.5615e+01
6.6768e+01 1.1591e-02 9.7763e+01
6.1909e+01 1.1793e-02 9.8471e+01
6.1847e+01 1.1972e-02 9.8478e+01
9.9518e+01 1.2927e+00 1.7050e-01
6.7425e+01 1.2394e-02 9.7636e+01
9.9519e+01 1.2906e+00 1.7106e-01
6.1490e+01 1.1998e-02 9.8517e+01
9.9494e+01 1.3201e+00 1.6930e-01
6.1918e+01 1.1969e-02 9.8470e+01
6.2409e+01 1.1820e-02 9.8413e+01
6.8096e+01 1.1589e-02 9.7497e+01
6.3266e+01 1.1300e-02 9.8307e+01
9.9643e+01 1.1818e+00 1.6364e-01
6.3299e+01 1.1670e-02 9.8303e+01
6.2942e+01 1.1814e-02 9.8348e+01
6.5846e+01 1.2212e-02 9.7926e+01
6.2437e+01 1.1629e-02 9.8410e+01
6.1960e+01 1.1962e-02 9.8465e+01
9.9493e+01 1.3208e+00 1.6937e-01
6.1202e+01 1.2005e-02 9.8548e+01
6.1212e+01 1.2011e-02 9.8547e+01
6.1240e+01 1.1992e-02 9.8544e+01
6.1713e+01 1.1966e-02 9.8493e+01
6.8147e+01 1.2179e-02 9.7486e+01
7.0139e+01 1.1987e-02 9.6999e+01
8.1798e+01 1.3284e-02 8.9168e+01
7.5268e+01 1.2059e-02 9.5021e+01
7.1498e+01 1.2107e-02 9.6593e+01
6.1787e+01 1.1939e-02 9.8485e+01
6.1851e+01 1.1958e-02 9.8477e+01
9.9532e+01 1.2791e+00 1.7011e-01
6.1704e+01 1.1860e-02 9.8494e+01
6.1462e+01 1.1991e-02 9.8520e+01
6.1214e+01 1.1994e-02 9.8547e+01
6.1645e+01 1.1970e-02 9.8500e+01
6.2357e+01 1.1816e-02 9.8419e+01
6.8046e+01 1.2257e-02 9.7507e+01
6.8960e+01 1.1999e-02 9.7300e+01
9.9638e+01 1.1542e+00 1.7766e-01
6.2643e+01 1.1795e-02 9.8385e+01
6.2857e+01 1.1903e-02 9.8359e+01
9.9623e+01 1.1813e+00 1.7267e-01
6.9870e+01 1.1912e-02 9.7071e+01
6.3164e+01 1.1672e-02 9.8320e+01
6.2573e+01 1.1927e-02 9.8394e+01
6.1550e+01 1.1959e-02 9.8511e+01
6.1689e+01 1.1969e-02 9.8496e+01
6.2035e+01 1.1837e-02 9.8457e+01
6.7575e+01 1.2139e-02 9.7606e+01
6.7987e+01 1.2016e-02 9.7520e+01
9.9596e+01 1.2106e+00 1.7159e-01
6.2665e+01 1.1768e-02 9.8383e+01
6.3701e+01 1.1251e-02 9.8250e+01
7.2639e+01 1.1817e-02 9.6196e+01
8.4771e+01 1.3802e-02 8.3617e+01
7.8536e+01 1.2272e-02 9.2807e+01
6.7743e+01 1.1551e-02 9.7571e+01
6.2889e+01 1.1812e-02 9.8355e+01
6.1891e+01 1.1940e-02 9.8473e+01
6.1725e+01 1.1956e-02 9.8492e+01
6.2229e+01 1.1826e-02 9.8434e+01
6.7796e+01 1.2017e-02 9.7560e+01
7.2065e+01 1.2214e-02 9.6403e+01
7.2608e+01 1.2461e-02 9.6207e+01
6.3266e+01 1.1596e-02 9.8307e+01
7.3477e+01 1.2083e-02 9.5865e+01
9.9682e+01 1.1123e+00 1.7638e-01
7.0291e+01 1.1352e-02 9.6957e+01
7.8768e+01 1.3117e-02 9.2604e+01
7.7467e+01 1.2881e-02 9.3650e+01
6.2513e+01 1.1844e-02 9.8401e+01
6.1983e+01 1.1955e-02 9.8463e+01
6.1348e+01 1.1959e-02 9.8533e+01
6.1871e+01 1.1971e-02 9.8475e+01
6.2658e+01 1.1624e-02 9.8383e+01
9.9559e+01 1.2579e+00 1.6757e-01
6.1438e+01 1.1985e-02 9.8523e+01
9.9525e+01 1.2933e+00 1.6747e-01
6.2155e+01 1.1796e-02 9.8443e+01
9.9574e+01 1.2467e+00 1.6576e-01
6.3521e+01 1.1684e-02 9.8274e+01
6.7274e+01 1.1455e-02 9.7666e+01
8.4061e+01 1.3629e-02 8.5212e+01
6.9680e+01 1.1492e-02 9.7121e+01
6.3042e+01 1.1806e-02 9.8336e+01
6.1456e+01 1.1939e-02 9.8521e+01
6.1386e+01 1.1980e-02 9.8528e+01
9.9498e+01 1.3185e+00 1.6839e-01
