0.000156
5.1575e-01 1.0150e+00 2.0910e-06
1.5154e+00 1.0150e+00 5.4497e-05
5.1575e-01 1.0150e+00 2.0910e-06
5.1575e-01 1.0151e+00 2.0910e-06
5.1575e-01 1.0151e+00 2.0910e-06
5.1575e-01 1.0151e+00 2.0910e-06
5.1575e-01 1.0151e+00 2.0910e-06
5.1575e-01 1.0151e+00 2.0910e-06
5.1575e-01 1.0151e+00 2.0910e-06
5.1575e-01 1.0151e+00 2.0910e-06
5.1575e-01 1.0151e+00 2.0910e-06
5.1575e-01 1.0151e+00 2.0910e-06
5.1575e-01 1.0151e+00 2.0910e-06
5.1575e-01 1.0151e+00 2.0910e-06
5.1575e-01 1.0151e+00 2.0910e-06
5.1575e-01 1.0151e+00 2.0910e-06
5.1575e-01 1.0151e+00 2.0910e-06
5.1575e-01 1.0151e+00 2.0910e-06
5.1575e-01 1.0151e+00 2.0910e-06
5.1575e-01 1.0151e+00 2.0910e-06
5.1575e-01 1.0151e+00 2.0910e-06
5.1575e-01 1.0151e+00 2.0910e-06
5.1575e-01 1.0151e+00 2.0910e-06
5.1575e-01 1.0151e+00 2.0910e-06
5.1575e-01 1.0150e+00 2.0910e-06
5.1575e-01 1.0150e+00 2.0910e-06
5.1575e-01 1.0151e+00 2.0910e-06
5.1575e-01 1.0151e+00 2.0910e-06
5.1575e-01 1.0151e+00 2.0910e-06
5.1575e-01 1.0151e+00 2.0910e-06
5.1575e-01 1.0151e+00 2.0910e-06
5.1575e-01 1.0151e+00 2.0910e-06
5.1575e-01 1.0151e+00 2.0910e-06
5.1575e-01 1.0151e+00 2.0910e-06
5.1575e-01 1.0151e+00 2.0910e-06
5.1575e-01 1.0151e+00 2.0910e-06
5.1575e-01 1.0151e+00 2.0910e-06
5.1575e-01 1.0151e+00 2.0910e-06
5.1575e-01 1.0151e+00 2.0910e-06
5.1575e-01 1.0151e+00 2.0910e-06
5.1575e-01 1.0151e+00 2.0910e-06
5.1575e-01 1.0151e+00 2.0910e-06
5.1575e-01 1.0150e+00 2.0910e-06
5.1575e-01 1.0150e+00 2.0910e-06
5.1575e-01 1.0151e+00 2.0910e-06
5.1575e-01 1.0151e+00 2.0910e-06
5.1575e-01 1.0151e+00 2.0910e-06
5.1575e-01 1.0151e+00 2.0910e-06
