0.070971
6.5276e+00 3.8907e+00 3.9281e+00
7.2591e+00 3.5547e+00 4.5212e+00
6.5276e+00 3.8907e+00 3.9281e+00
6.5162e+00 3.9097e+00 3.9529e+00
6.5157e+00 3.9094e+00 3.9539e+00
6.5162e+00 3.9097e+00 3.9529e+00
6.5162e+00 3.9097e+00 3.9529e+00
6.5167e+00 3.9100e+00 3.9519e+00
6.5162e+00 3.9097e+00 3.9529e+00
6.5157e+00 3.9094e+00 3.9539e+00
6.5157e+00 3.9094e+00 3.9539e+00
6.5157e+00 3.9094e+00 3.9539e+00
6.5157e+00 3.9094e+00 3.9539e+00
6.5157e+00 3.9094e+00 3.9539e+00
6.5157e+00 3.9094e+00 3.9539e+00
6.5157e+00 3.9094e+00 3.9539e+00
6.5157e+00 3.9094e+00 3.9539e+00
6.5157e+00 3.9094e+00 3.9539e+00
6.5162e+00 3.9097e+00 3.9529e+00
6.5167e+00 3.9100e+00 3.9519e+00
6.5162e+00 3.9097e+00 3.9529e+00
6.5157e+00 3.9094e+00 3.9539e+00
6.5157e+00 3.9094e+00 3.9539e+00
6.5157e+00 3.9094e+00 3.9539e+00
6.5276e+00 3.8907e+00 3.9281e+00
6.5276e+00 3.8907e+00 3.9281e+00
6.5167e+00 3.9100e+00 3.9519e+00
6.5157e+00 3.9094e+00 3.9539e+00
6.5157e+00 3.9094e+00 3.9539e+00
6.5167e+00 3.9100e+00 3.9519e+00
6.5157e+00 3.9094e+00 3.9539e+00
6.5157e+00 3.9094e+00 3.9539e+00
6.5157e+00 3.9094e+00 3.9539e+00
6.5157e+00 3.9094e+00 3.9539e+00
6.5157e+00 3.9094e+00 3.9539e+00
6.5157e+00 3.9094e+00 3.9539e+00
6.5157e+00 3.9094e+00 3.9539e+00
6.5157e+00 3.9094e+00 3.9539e+00
6.5157e+00 3.9094e+00 3.9539e+00
6.5157e+00 3.9094e+00 3.9539e+00
6.5157e+00 3.9094e+00 3.9539e+00
6.5157e+00 3.9094e+00 3.9539e+00
6.5276e+00 3.8907e+00 3.9281e+00
6.5276e+00 3.8907e+00 3.9281e+00
6.5167e+00 3.9100e+00 3.9519e+00
6.5157e+00 3.9094e+00 3.9539e+00
6.5157e+00 3.9094e+00 3.9539e+00
6.5167e+00 3.9100e+00 3.9519e+00
