108.925072
9.6829e+01 7.8809e-02 1.1709e+01
9.5419e+01 4.3562e-02 2.1851e+01
9.6164e+01 5.8208e-02 1.6174e+01
9.6853e+01 7.9752e-02 1.1561e+01
9.5430e+01 4.3727e-02 2.1765e+01
9.6191e+01 5.8871e-02 1.5981e+01
9.6829e+01 7.8809e-02 1.1709e+01
9.5419e+01 4.3562e-02 2.1851e+01
9.6164e+01 5.8208e-02 1.6174e+01
9.6853e+01 7.9752e-02 1.1561e+01
9.5430e+01 4.3727e-02 2.1765e+01
9.6191e+01 5.8871e-02 1.5981e+01
9.6829e+01 7.8809e-02 1.1709e+01
9.5419e+01 4.3562e-02 2.1851e+01
9.6164e+01 5.8208e-02 1.6174e+01
9.6853e+01 7.9752e-02 1.1561e+01
9.5430e+01 4.3727e-02 2.1765e+01
9.6191e+01 5.8871e-02 1.5981e+01
9.6829e+01 7.8809e-02 1.1709e+01
9.5419e+01 4.3562e-02 2.1851e+01
9.6164e+01 5.8208e-02 1.6174e+01
9.6853e+01 7.9752e-02 1.1561e+01
9.5430e+01 4.3727e-02 2.1765e+01
9.6191e+01 5.8871e-02 1.5981e+01
9.6187e+01 5.8771e-02 1.6010e+01
9.6850e+01 7.9643e-02 1.1578e+01
9.5420e+01 4.3581e-02 2.1841e+01
9.6168e+01 5.8304e-02 1.6145e+01
9.6831e+01 7.8914e-02 1.1693e+01
9.5429e+01 4.3706e-02 2.1776e+01
9.6187e+01 5.8771e-02 1.6010e+01
9.6850e+01 7.9643e-02 1.1578e+01
9.5420e+01 4.3581e-02 2.1841e+01
9.6168e+01 5.8304e-02 1.6145e+01
9.6831e+01 7.8914e-02 1.1693e+01
9.5429e+01 4.3706e-02 2.1776e+01
9.6187e+01 5.8771e-02 1.6010e+01
9.6850e+01 7.9643e-02 1.1578e+01
9.5420e+01 4.3581e-02 2.1841e+01
9.6168e+01 5.8304e-02 1.6145e+01
9.6831e+01 7.8914e-02 1.1693e+01
9.5429e+01 4.3706e-02 2.1776e+01
9.6187e+01 5.8771e-02 1.6010e+01
9.6850e+01 7.9643e-02 1.1578e+01
9.5420e+01 4.3581e-02 2.1841e+01
9.6168e+01 5.8304e-02 1.6145e+01
9.6831e+01 7.8914e-02 1.1693e+01
9.5429e+01 4.3706e-02 2.1776e+01
