107.183744
9.6663e+01 7.2745e-02 1.2759e+01
9.5458e+01 4.4146e-02 2.1545e+01
9.6342e+01 6.2834e-02 1.4914e+01
9.6685e+01 7.3510e-02 1.2617e+01
9.5467e+01 4.4296e-02 2.1469e+01
9.6365e+01 6.3478e-02 1.4754e+01
9.6663e+01 7.2745e-02 1.2759e+01
9.5458e+01 4.4146e-02 2.1545e+01
9.6342e+01 6.2834e-02 1.4914e+01
9.6685e+01 7.3510e-02 1.2617e+01
9.5467e+01 4.4296e-02 2.1469e+01
9.6365e+01 6.3478e-02 1.4754e+01
9.6663e+01 7.2745e-02 1.2759e+01
9.5458e+01 4.4146e-02 2.1545e+01
9.6342e+01 6.2834e-02 1.4914e+01
9.6685e+01 7.3510e-02 1.2617e+01
9.5467e+01 4.4296e-02 2.1469e+01
9.6365e+01 6.3478e-02 1.4754e+01
9.6663e+01 7.2745e-02 1.2759e+01
9.5458e+01 4.4146e-02 2.1545e+01
9.6342e+01 6.2834e-02 1.4914e+01
9.6685e+01 7.3510e-02 1.2617e+01
9.5467e+01 4.4296e-02 2.1469e+01
9.6365e+01 6.3478e-02 1.4754e+01
9.6362e+01 6.3388e-02 1.4776e+01
9.6682e+01 7.3416e-02 1.2635e+01
9.5461e+01 4.4192e-02 2.1522e+01
9.6345e+01 6.2920e-02 1.4892e+01
9.6665e+01 7.2835e-02 1.2742e+01
9.5464e+01 4.4248e-02 2.1493e+01
9.6362e+01 6.3388e-02 1.4776e+01
9.6682e+01 7.3416e-02 1.2635e+01
9.5461e+01 4.4192e-02 2.1522e+01
9.6345e+01 6.2920e-02 1.4892e+01
9.6665e+01 7.2835e-02 1.2742e+01
9.5464e+01 4.4248e-02 2.1493e+01
9.6362e+01 6.3388e-02 1.4776e+01
9.6682e+01 7.3416e-02 1.2635e+01
9.5461e+01 4.4192e-02 2.1522e+01
9.6345e+01 6.2920e-02 1.4892e+01
9.6665e+01 7.2835e-02 1.2742e+01
9.5464e+01 4.4248e-02 2.1493e+01
9.6362e+01 6.3388e-02 1.4776e+01
9.6682e+01 7.3416e-02 1.2635e+01
9.5461e+01 4.4192e-02 2.1522e+01
9.6345e+01 6.2920e-02 1.4892e+01
9.6665e+01 7.2835e-02 1.2742e+01
9.5464e+01 4.4248e-02 2.1493e+01
