65.715689
9.6510e+01 6.7760e-02 1.3763e+01
9.5485e+01 4.4576e-02 2.1327e+01
9.6510e+01 6.7760e-02 1.3763e+01
9.6512e+01 6.7824e-02 1.3750e+01
9.5486e+01 4.4590e-02 2.1320e+01
9.6512e+01 6.7824e-02 1.3750e+01
9.6510e+01 6.7760e-02 1.3763e+01
9.5485e+01 4.4576e-02 2.1327e+01
9.6510e+01 6.7760e-02 1.3763e+01
9.6512e+01 6.7824e-02 1.3750e+01
9.5486e+01 4.4590e-02 2.1320e+01
9.6512e+01 6.7824e-02 1.3750e+01
9.6510e+01 6.7760e-02 1.3763e+01
9.5485e+01 4.4576e-02 2.1327e+01
9.6510e+01 6.7760e-02 1.3763e+01
9.6512e+01 6.7824e-02 1.3750e+01
9.5486e+01 4.4590e-02 2.1320e+01
9.6512e+01 6.7824e-02 1.3750e+01
9.6510e+01 6.7760e-02 1.3763e+01
9.5485e+01 4.4576e-02 2.1327e+01
9.6510e+01 6.7760e-02 1.3763e+01
9.6512e+01 6.7824e-02 1.3750e+01
9.5486e+01 4.4590e-02 2.1320e+01
9.6512e+01 6.7824e-02 1.3750e+01
9.6512e+01 6.7816e-02 1.3751e+01
9.6512e+01 6.7816e-02 1.3751e+01
9.5486e+01 4.4583e-02 2.1324e+01
9.6511e+01 6.7768e-02 1.3762e+01
9.6511e+01 6.7768e-02 1.3762e+01
9.5486e+01 4.4583e-02 2.1324e+01
9.6512e+01 6.7816e-02 1.3751e+01
9.6512e+01 6.7816e-02 1.3751e+01
9.5486e+01 4.4583e-02 2.1324e+01
9.6511e+01 6.7768e-02 1.3762e+01
9.6511e+01 6.7768e-02 1.3762e+01
9.5486e+01 4.4583e-02 2.1324e+01
9.6512e+01 6.7816e-02 1.3751e+01
9.6512e+01 6.7816e-02 1.3751e+01
9.5486e+01 4.4583e-02 2.1324e+01
9.6511e+01 6.7768e-02 1.3762e+01
9.6511e+01 6.7768e-02 1.3762e+01
9.5486e+01 4.4583e-02 2.1324e+01
9.6512e+01 6.7816e-02 1.3751e+01
9.6512e+01 6.7816e-02 1.3751e+01
9.5486e+01 4.4583e-02 2.1324e+01
9.6511e+01 6.7768e-02 1.3762e+01
9.6511e+01 6.7768e-02 1.3762e+01
9.5486e+01 4.4583e-02 2.1324e+01
