4.854051
9.5455e+01 6.0227e-02 1.5709e+01
9.5422e+01 5.9257e-02 1.5979e+01
9.5455e+01 6.0227e-02 1.5709e+01
9.5446e+01 6.0023e-02 1.5765e+01
9.5438e+01 5.9828e-02 1.5819e+01
9.5446e+01 6.0023e-02 1.5765e+01
9.5445e+01 5.9991e-02 1.5774e+01
9.5432e+01 5.9661e-02 1.5865e+01
9.5445e+01 5.9991e-02 1.5774e+01
9.5448e+01 6.0077e-02 1.5750e+01
9.5439e+01 5.9831e-02 1.5818e+01
9.5448e+01 6.0077e-02 1.5750e+01
9.5443e+01 5.9949e-02 1.5785e+01
9.5438e+01 5.9826e-02 1.5820e+01
9.5443e+01 5.9949e-02 1.5785e+01
9.5445e+01 6.0003e-02 1.5770e+01
9.5443e+01 5.9934e-02 1.5790e+01
9.5445e+01 6.0003e-02 1.5770e+01
9.5445e+01 5.9991e-02 1.5774e+01
9.5432e+01 5.9661e-02 1.5865e+01
9.5445e+01 5.9991e-02 1.5774e+01
9.5448e+01 6.0077e-02 1.5750e+01
9.5439e+01 5.9831e-02 1.5818e+01
9.5448e+01 6.0077e-02 1.5750e+01
9.5455e+01 6.0238e-02 1.5705e+01
9.5455e+01 6.0238e-02 1.5705e+01
9.5432e+01 5.9665e-02 1.5864e+01
9.5447e+01 6.0047e-02 1.5758e+01
9.5447e+01 6.0047e-02 1.5758e+01
9.5432e+01 5.9665e-02 1.5864e+01
9.5448e+01 6.0077e-02 1.5750e+01
9.5448e+01 6.0077e-02 1.5750e+01
9.5440e+01 5.9877e-02 1.5805e+01
9.5444e+01 5.9968e-02 1.5780e+01
9.5444e+01 5.9968e-02 1.5780e+01
9.5440e+01 5.9877e-02 1.5805e+01
9.5448e+01 6.0077e-02 1.5750e+01
9.5448e+01 6.0077e-02 1.5750e+01
9.5440e+01 5.9877e-02 1.5805e+01
9.5444e+01 5.9968e-02 1.5780e+01
9.5444e+01 5.9968e-02 1.5780e+01
9.5440e+01 5.9877e-02 1.5805e+01
9.5455e+01 6.0238e-02 1.5705e+01
9.5455e+01 6.0238e-02 1.5705e+01
9.5432e+01 5.9665e-02 1.5864e+01
9.5447e+01 6.0047e-02 1.5758e+01
9.5447e+01 6.0047e-02 1.5758e+01
9.5432e+01 5.9665e-02 1.5864e+01
