7.604477
9.6180e+01 5.9748e-02 1.5715e+01
9.6147e+01 5.8908e-02 1.5951e+01
9.6180e+01 5.9748e-02 1.5715e+01
9.6177e+01 5.9669e-02 1.5737e+01
9.6159e+01 5.9224e-02 1.5862e+01
9.6177e+01 5.9669e-02 1.5737e+01
9.6175e+01 5.9609e-02 1.5754e+01
9.6156e+01 5.9125e-02 1.5890e+01
9.6175e+01 5.9609e-02 1.5754e+01
9.6177e+01 5.9681e-02 1.5734e+01
9.6161e+01 5.9264e-02 1.5850e+01
9.6177e+01 5.9681e-02 1.5734e+01
9.6173e+01 5.9557e-02 1.5768e+01
9.6161e+01 5.9250e-02 1.5854e+01
9.6173e+01 5.9557e-02 1.5768e+01
9.6175e+01 5.9619e-02 1.5751e+01
9.6165e+01 5.9372e-02 1.5820e+01
9.6175e+01 5.9619e-02 1.5751e+01
9.6175e+01 5.9609e-02 1.5754e+01
9.6156e+01 5.9125e-02 1.5890e+01
9.6175e+01 5.9609e-02 1.5754e+01
9.6177e+01 5.9681e-02 1.5734e+01
9.6161e+01 5.9264e-02 1.5850e+01
9.6177e+01 5.9681e-02 1.5734e+01
9.6181e+01 5.9777e-02 1.5707e+01
9.6181e+01 5.9777e-02 1.5707e+01
9.6156e+01 5.9126e-02 1.5889e+01
9.6176e+01 5.9644e-02 1.5744e+01
9.6176e+01 5.9644e-02 1.5744e+01
9.6156e+01 5.9126e-02 1.5889e+01
9.6177e+01 5.9679e-02 1.5734e+01
9.6177e+01 5.9679e-02 1.5734e+01
9.6162e+01 5.9297e-02 1.5841e+01
9.6173e+01 5.9568e-02 1.5765e+01
9.6173e+01 5.9568e-02 1.5765e+01
9.6162e+01 5.9297e-02 1.5841e+01
9.6177e+01 5.9679e-02 1.5734e+01
9.6177e+01 5.9679e-02 1.5734e+01
9.6162e+01 5.9297e-02 1.5841e+01
9.6173e+01 5.9568e-02 1.5765e+01
9.6173e+01 5.9568e-02 1.5765e+01
9.6162e+01 5.9297e-02 1.5841e+01
9.6181e+01 5.9777e-02 1.5707e+01
9.6181e+01 5.9777e-02 1.5707e+01
9.6156e+01 5.9126e-02 1.5889e+01
9.6176e+01 5.9644e-02 1.5744e+01
9.6176e+01 5.9644e-02 1.5744e+01
9.6156e+01 5.9126e-02 1.5889e+01
