0.359873
2.6069e+01 2.2801e-01 2.0391e+01
2.6399e+01 2.1943e-01 2.1106e+01
2.6069e+01 2.2801e-01 2.0391e+01
2.6007e+01 2.2885e-01 2.0510e+01
2.6000e+01 2.2895e-01 2.0527e+01
2.6007e+01 2.2885e-01 2.0510e+01
2.6007e+01 2.2885e-01 2.0510e+01
2.6014e+01 2.2880e-01 2.0496e+01
2.6007e+01 2.2885e-01 2.0510e+01
2.6000e+01 2.2894e-01 2.0527e+01
2.5999e+01 2.2897e-01 2.0529e+01
2.6000e+01 2.2894e-01 2.0527e+01
2.5999e+01 2.2897e-01 2.0530e+01
2.5999e+01 2.2897e-01 2.0529e+01
2.5999e+01 2.2897e-01 2.0530e+01
2.5999e+01 2.2897e-01 2.0530e+01
2.5999e+01 2.2897e-01 2.0531e+01
2.5999e+01 2.2897e-01 2.0530e+01
2.6007e+01 2.2885e-01 2.0510e+01
2.6014e+01 2.2880e-01 2.0496e+01
2.6007e+01 2.2885e-01 2.0510e+01
2.6000e+01 2.2894e-01 2.0527e+01
2.5999e+01 2.2897e-01 2.0529e+01
2.6000e+01 2.2894e-01 2.0527e+01
2.6069e+01 2.2801e-01 2.0391e+01
2.6069e+01 2.2801e-01 2.0391e+01
2.6014e+01 2.2880e-01 2.0496e+01
2.6000e+01 2.2894e-01 2.0526e+01
2.6000e+01 2.2894e-01 2.0526e+01
2.6014e+01 2.2880e-01 2.0496e+01
2.6000e+01 2.2894e-01 2.0527e+01
2.6000e+01 2.2894e-01 2.0527e+01
2.6000e+01 2.2896e-01 2.0529e+01
2.5999e+01 2.2897e-01 2.0530e+01
2.5999e+01 2.2897e-01 2.0530e+01
2.6000e+01 2.2896e-01 2.0529e+01
2.6000e+01 2.2894e-01 2.0527e+01
2.6000e+01 2.2894e-01 2.0527e+01
2.6000e+01 2.2896e-01 2.0529e+01
2.5999e+01 2.2897e-01 2.0530e+01
2.5999e+01 2.2897e-01 2.0530e+01
2.6000e+01 2.2896e-01 2.0529e+01
2.6069e+01 2.2801e-01 2.0391e+01
2.6069e+01 2.2801e-01 2.0391e+01
2.6014e+01 2.2880e-01 2.0496e+01
2.6000e+01 2.2894e-01 2.0526e+01
2.6000e+01 2.2894e-01 2.0526e+01
2.6014e+01 2.2880e-01 2.0496e+01
