92.274655
9.6510e+01 6.7766e-02 1.3762e+01
9.5473e+01 4.4374e-02 2.1428e+01
9.6510e+01 6.7745e-02 1.3767e+01
9.6520e+01 6.8060e-02 1.3699e+01
9.5477e+01 4.4437e-02 2.1397e+01
9.6519e+01 6.8039e-02 1.3704e+01
9.6510e+01 6.7766e-02 1.3762e+01
9.5473e+01 4.4374e-02 2.1428e+01
9.6510e+01 6.7745e-02 1.3767e+01
9.6520e+01 6.8060e-02 1.3699e+01
9.5477e+01 4.4437e-02 2.1397e+01
9.6519e+01 6.8039e-02 1.3704e+01
9.6510e+01 6.7766e-02 1.3762e+01
9.5473e+01 4.4374e-02 2.1428e+01
9.6510e+01 6.7745e-02 1.3767e+01
9.6520e+01 6.8060e-02 1.3699e+01
9.5477e+01 4.4437e-02 2.1397e+01
9.6519e+01 6.8039e-02 1.3704e+01
9.6510e+01 6.7766e-02 1.3762e+01
9.5473e+01 4.4374e-02 2.1428e+01
9.6510e+01 6.7745e-02 1.3767e+01
9.6520e+01 6.8060e-02 1.3699e+01
9.5477e+01 4.4437e-02 2.1397e+01
9.6519e+01 6.8039e-02 1.3704e+01
9.6518e+01 6.8001e-02 1.3712e+01
9.6519e+01 6.8022e-02 1.3707e+01
9.5475e+01 4.4405e-02 2.1413e+01
9.6511e+01 6.7783e-02 1.3759e+01
9.6512e+01 6.7804e-02 1.3754e+01
9.5475e+01 4.4405e-02 2.1412e+01
9.6518e+01 6.8001e-02 1.3712e+01
9.6519e+01 6.8022e-02 1.3707e+01
9.5475e+01 4.4405e-02 2.1413e+01
9.6511e+01 6.7783e-02 1.3759e+01
9.6512e+01 6.7804e-02 1.3754e+01
9.5475e+01 4.4405e-02 2.1412e+01
9.6518e+01 6.8001e-02 1.3712e+01
9.6519e+01 6.8022e-02 1.3707e+01
9.5475e+01 4.4405e-02 2.1413e+01
9.6511e+01 6.7783e-02 1.3759e+01
9.6512e+01 6.7804e-02 1.3754e+01
9.5475e+01 4.4405e-02 2.1412e+01
9.6518e+01 6.8001e-02 1.3712e+01
9.6519e+01 6.8022e-02 1.3707e+01
9.5475e+01 4.4405e-02 2.1413e+01
9.6511e+01 6.7783e-02 1.3759e+01
9.6512e+01 6.7804e-02 1.3754e+01
9.5475e+01 4.4405e-02 2.1412e+01
