12.445179
2.7854e+01 2.6610e-01 1.2248e-04
8.8686e+01 1.6318e-03 6.2477e+01
8.8685e+01 1.6333e-03 6.2418e+01
2.7859e+01 2.6605e-01 1.8838e-04
8.8699e+01 1.6441e-03 6.1992e+01
8.8698e+01 1.6433e-03 6.2022e+01
2.7934e+01 2.6533e-01 7.8231e-04
8.8713e+01 1.6429e-03 6.2026e+01
8.8696e+01 1.6385e-03 6.2209e+01
2.7876e+01 2.6588e-01 2.9585e-04
8.8756e+01 1.6643e-03 6.1185e+01
8.8717e+01 1.6782e-03 6.0696e+01
2.8173e+01 2.6307e-01 2.8073e-03
8.8772e+01 1.6657e-03 6.1124e+01
8.8710e+01 1.6510e-03 6.1721e+01
2.7949e+01 2.6518e-01 9.0992e-04
8.8761e+01 1.6999e-03 5.9879e+01
8.8654e+01 1.7401e-03 5.8537e+01
2.7934e+01 2.6533e-01 7.8231e-04
8.8713e+01 1.6429e-03 6.2026e+01
8.8696e+01 1.6385e-03 6.2209e+01
2.7876e+01 2.6588e-01 2.9585e-04
8.8756e+01 1.6643e-03 6.1185e+01
8.8717e+01 1.6782e-03 6.0696e+01
8.8701e+01 1.6417e-03 6.2082e+01
2.7845e+01 2.6618e-01 6.2601e-05
8.8692e+01 1.6364e-03 6.2292e+01
8.8693e+01 1.6428e-03 6.2047e+01
2.7891e+01 2.6573e-01 4.4006e-04
8.8714e+01 1.6455e-03 6.1926e+01
8.8726e+01 1.6803e-03 6.0613e+01
2.7882e+01 2.6582e-01 3.4668e-04
8.8707e+01 1.6506e-03 6.1736e+01
8.8748e+01 1.6729e-03 6.0871e+01
2.8127e+01 2.6349e-01 2.4410e-03
8.8800e+01 1.6968e-03 5.9965e+01
8.8726e+01 1.6803e-03 6.0613e+01
2.7882e+01 2.6582e-01 3.4668e-04
8.8707e+01 1.6506e-03 6.1736e+01
8.8748e+01 1.6729e-03 6.0871e+01
2.8127e+01 2.6349e-01 2.4410e-03
8.8800e+01 1.6968e-03 5.9965e+01
8.8701e+01 1.6417e-03 6.2082e+01
2.7845e+01 2.6618e-01 6.2601e-05
8.8692e+01 1.6364e-03 6.2292e+01
8.8693e+01 1.6428e-03 6.2047e+01
2.7891e+01 2.6573e-01 4.4006e-04
8.8714e+01 1.6455e-03 6.1926e+01
