44.136098
9.6453e+01 6.5973e-02 1.4154e+01
9.5662e+01 4.7554e-02 1.9943e+01
9.6453e+01 6.5973e-02 1.4154e+01
9.6454e+01 6.5996e-02 1.4148e+01
9.5663e+01 4.7562e-02 1.9939e+01
9.6454e+01 6.5996e-02 1.4148e+01
9.6453e+01 6.5973e-02 1.4154e+01
9.5662e+01 4.7554e-02 1.9943e+01
9.6453e+01 6.5973e-02 1.4154e+01
9.6454e+01 6.5996e-02 1.4148e+01
9.5663e+01 4.7562e-02 1.9939e+01
9.6454e+01 6.5996e-02 1.4148e+01
9.6453e+01 6.5973e-02 1.4154e+01
9.5662e+01 4.7555e-02 1.9942e+01
9.6453e+01 6.5973e-02 1.4154e+01
9.6454e+01 6.5996e-02 1.4148e+01
9.5663e+01 4.7562e-02 1.9939e+01
9.6454e+01 6.5996e-02 1.4148e+01
9.6453e+01 6.5973e-02 1.4154e+01
9.5662e+01 4.7554e-02 1.9943e+01
9.6453e+01 6.5973e-02 1.4154e+01
9.6454e+01 6.5996e-02 1.4148e+01
9.5663e+01 4.7562e-02 1.9939e+01
9.6454e+01 6.5996e-02 1.4148e+01
9.6454e+01 6.5994e-02 1.4149e+01
9.6454e+01 6.5994e-02 1.4149e+01
9.5662e+01 4.7558e-02 1.9941e+01
9.6453e+01 6.5975e-02 1.4153e+01
9.6453e+01 6.5975e-02 1.4153e+01
9.5662e+01 4.7558e-02 1.9941e+01
9.6454e+01 6.5994e-02 1.4149e+01
9.6454e+01 6.5994e-02 1.4149e+01
9.5662e+01 4.7558e-02 1.9941e+01
9.6453e+01 6.5975e-02 1.4153e+01
9.6453e+01 6.5975e-02 1.4153e+01
9.5662e+01 4.7558e-02 1.9941e+01
9.6454e+01 6.5994e-02 1.4149e+01
9.6454e+01 6.5994e-02 1.4149e+01
9.5662e+01 4.7558e-02 1.9941e+01
9.6453e+01 6.5975e-02 1.4153e+01
9.6453e+01 6.5975e-02 1.4153e+01
9.5662e+01 4.7558e-02 1.9941e+01
9.6454e+01 6.5994e-02 1.4149e+01
9.6454e+01 6.5994e-02 1.4149e+01
9.5662e+01 4.7558e-02 1.9941e+01
9.6453e+01 6.5975e-02 1.4153e+01
9.6453e+01 6.5975e-02 1.4153e+01
9.5662e+01 4.7558e-02 1.9941e+01
