0.000001
5.0010e-01 1.0001e+00 1.2504e-08
1.5001e+00 1.0001e+00 3.3645e-07
5.0010e-01 1.0001e+00 1.2504e-08
5.0010e-01 1.0001e+00 1.2504e-08
5.0010e-01 1.0001e+00 1.2504e-08
5.0010e-01 1.0001e+00 1.2504e-08
5.0010e-01 1.0001e+00 1.2504e-08
5.0010e-01 1.0001e+00 1.2504e-08
5.0010e-01 1.0001e+00 1.2504e-08
5.0010e-01 1.0001e+00 1.2504e-08
5.0010e-01 1.0001e+00 1.2504e-08
5.0010e-01 1.0001e+00 1.2504e-08
5.0010e-01 1.0001e+00 1.2504e-08
5.0010e-01 1.0001e+00 1.2504e-08
5.0010e-01 1.0001e+00 1.2504e-08
5.0010e-01 1.0001e+00 1.2504e-08
5.0010e-01 1.0001e+00 1.2504e-08
5.0010e-01 1.0001e+00 1.2504e-08
5.0010e-01 1.0001e+00 1.2504e-08
5.0010e-01 1.0001e+00 1.2504e-08
5.0010e-01 1.0001e+00 1.2504e-08
5.0010e-01 1.0001e+00 1.2504e-08
5.0010e-01 1.0001e+00 1.2504e-08
5.0010e-01 1.0001e+00 1.2504e-08
5.0010e-01 1.0001e+00 1.2504e-08
5.0010e-01 1.0001e+00 1.2504e-08
5.0010e-01 1.0001e+00 1.2504e-08
5.0010e-01 1.0001e+00 1.2504e-08
5.0010e-01 1.0001e+00 1.2504e-08
5.0010e-01 1.0001e+00 1.2504e-08
5.0010e-01 1.0001e+00 1.2504e-08
5.0010e-01 1.0001e+00 1.2504e-08
5.0010e-01 1.0001e+00 1.2504e-08
5.0010e-01 1.0001e+00 1.2504e-08
5.0010e-01 1.0001e+00 1.2504e-08
5.0010e-01 1.0001e+00 1.2504e-08
5.0010e-01 1.0001e+00 1.2504e-08
5.0010e-01 1.0001e+00 1.2504e-08
5.0010e-01 1.0001e+00 1.2504e-08
5.0010e-01 1.0001e+00 1.2504e-08
5.0010e-01 1.0001e+00 1.2504e-08
5.0010e-01 1.0001e+00 1.2504e-08
5.0010e-01 1.0001e+00 1.2504e-08
5.0010e-01 1.0001e+00 1.2504e-08
5.0010e-01 1.0001e+00 1.2504e-08
5.0010e-01 1.0001e+00 1.2504e-08
5.0010e-01 1.0001e+00 1.2504e-08
5.0010e-01 1.0001e+00 1.2504e-08
5.0010e-01 1.0001e+00 1.2504e-08
5.0010e-01 1.0001e+00 1.2504e-08
5.0010e-01 1.0001e+00 1.2504e-08
5.0010e-01 1.0001e+00 1.2504e-08
5.0010e-01 1.0001e+00 1.2504e-08
5.0010e-01 1.0001e+00 1.2504e-08
5.0010e-01 1.0001e+00 1.2504e-08
5.0010e-01 1.0001e+00 1.2504e-08
5.0010e-01 1.0001e+00 1.2504e-08
5.0010e-01 1.0001e+00 1.2504e-08
5.0010e-01 1.0001e+00 1.2504e-08
5.0010e-01 1.0001e+00 1.2504e-08
5.0010e-01 1.0001e+00 1.2504e-08
5.0010e-01 1.0001e+00 1.2504e-08
5.0010e-01 1.0001e+00 1.2504e-08
5.0010e-01 1.0001e+00 1.2504e-08
5.0010e-01 1.0001e+00 1.2504e-08
5.0010e-01 1.0001e+00 1.2504e-08
5.0010e-01 1.0001e+00 1.2504e-08
5.0010e-01 1.0001e+00 1.2504e-08
5.0010e-01 1.0001e+00 1.2504e-08
5.0010e-01 1.0001e+00 1.2504e-08
5.0010e-01 1.0001e+00 1.2504e-08
5.0010e-01 1.0001e+00 1.2504e-08
5.0010e-01 1.0001e+00 1.2504e-08
5.0010e-01 1.0001e+00 1.2504e-08
5.0010e-01 1.0001e+00 1.2504e-08
5.0010e-01 1.0001e+00 1.2504e-08
5.0010e-01 1.0001e+00 1.2504e-08
5.0010e-01 1.0001e+00 1.2504e-08
5.0010e-01 1.0001e+00 1.2504e-08
5.0010e-01 1.0001e+00 1.2504e-08
5.0010e-01 1.0001e+00 1.2504e-08
5.0010e-01 1.0001e+00 1.2504e-08
5.0010e-01 1.0001e+00 1.2504e-08
5.0010e-01 1.0001e+00 1.2504e-08
5.0010e-01 1.0001e+00 1.2504e-08
5.0010e-01 1.0001e+00 1.2504e-08
5.0010e-01 1.0001e+00 1.2504e-08
5.0010e-01 1.0001e+00 1.2504e-08
5.0010e-01 1.0001e+00 1.2504e-08
5.0010e-01 1.0001e+00 1.2504e-08
5.0010e-01 1.0001e+00 1.2504e-08
5.0010e-01 1.0001e+00 1.2504e-08
5.0010e-01 1.0001e+00 1.2504e-08
5.0010e-01 1.0001e+00 1.2504e-08
5.0010e-01 1.0001e+00 1.2504e-08
5.0010e-01 1.0001e+00 1.2504e-08
5.0010e-01 1.0001e+00 1.2504e-08
5.0010e-01 1.0001e+00 1.2504e-08
5.0010e-01 1.0001e+00 1.2504e-08
5.0010e-01 1.0001e+00 1.2504e-08
5.0010e-01 1.0001e+00 1.2504e-08
5.0010e-01 1.0001e+00 1.2504e-08
5.0010e-01 1.0001e+00 1.2504e-08
5.0010e-01 1.0001e+00 1.2504e-08
5.0010e-01 1.0001e+00 1.2504e-08
5.0010e-01 1.0001e+00 1.2504e-08
5.0010e-01 1.0001e+00 1.2504e-08
5.0010e-01 1.0001e+00 1.2504e-08
5.0010e-01 1.0001e+00 1.2504e-08
5.0010e-01 1.0001e+00 1.2504e-08
5.0010e-01 1.0001e+00 1.2504e-08
5.0010e-01 1.0001e+00 1.2504e-08
5.0010e-01 1.0001e+00 1.2504e-08
5.0010e-01 1.0001e+00 1.2504e-08
5.0010e-01 1.0001e+00 1.2504e-08
5.0010e-01 1.0001e+00 1.2504e-08
5.0010e-01 1.0001e+00 1.2504e-08
5.0010e-01 1.0001e+00 1.2504e-08
5.0010e-01 1.0001e+00 1.2504e-08
5.0010e-01 1.0001e+00 1.2504e-08
5.0010e-01 1.0001e+00 1.2504e-08
5.0010e-01 1.0001e+00 1.2504e-08
5.0010e-01 1.0001e+00 1.2504e-08
5.0010e-01 1.0001e+00 1.2504e-08
5.0010e-01 1.0001e+00 1.2504e-08
5.0010e-01 1.0001e+00 1.2504e-08
5.0010e-01 1.0001e+00 1.2504e-08
5.0010e-01 1.0001e+00 1.2504e-08
5.0010e-01 1.0001e+00 1.2504e-08
5.0010e-01 1.0001e+00 1.2504e-08
5.0010e-01 1.0001e+00 1.2504e-08
5.0010e-01 1.0001e+00 1.2504e-08
5.0010e-01 1.0001e+00 1.2504e-08
5.0010e-01 1.0001e+00 1.2504e-08
5.0010e-01 1.0001e+00 1.2504e-08
5.0010e-01 1.0001e+00 1.2504e-08
5.0010e-01 1.0001e+00 1.2504e-08
5.0010e-01 1.0001e+00 1.2504e-08
5.0010e-01 1.0001e+00 1.2504e-08
5.0010e-01 1.0001e+00 1.2504e-08
5.0010e-01 1.0001e+00 1.2504e-08
5.0010e-01 1.0001e+00 1.2504e-08
5.0010e-01 1.0001e+00 1.2504e-08
5.0010e-01 1.0001e+00 1.2504e-08
5.0010e-01 1.0001e+00 1.2504e-08
5.0010e-01 1.0001e+00 1.2504e-08
5.0010e-01 1.0001e+00 1.2504e-08
5.0010e-01 1.0001e+00 1.2504e-08
5.0010e-01 1.0001e+00 1.2504e-08
5.0010e-01 1.0001e+00 1.2504e-08
5.0010e-01 1.0001e+00 1.2504e-08
5.0010e-01 1.0001e+00 1.2504e-08
5.0010e-01 1.0001e+00 1.2504e-08
5.0010e-01 1.0001e+00 1.2504e-08
5.0010e-01 1.0001e+00 1.2504e-08
5.0010e-01 1.0001e+00 1.2504e-08
5.0010e-01 1.0001e+00 1.2504e-08
5.0010e-01 1.0001e+00 1.2504e-08
5.0010e-01 1.0001e+00 1.2504e-08
5.0010e-01 1.0001e+00 1.2504e-08
5.0010e-01 1.0001e+00 1.2504e-08
5.0010e-01 1.0001e+00 1.2504e-08
5.0010e-01 1.0001e+00 1.2504e-08
5.0010e-01 1.0001e+00 1.2504e-08
5.0010e-01 1.0001e+00 1.2504e-08
5.0010e-01 1.0001e+00 1.2504e-08
5.0010e-01 1.0001e+00 1.2504e-08
5.0010e-01 1.0001e+00 1.2504e-08
5.0010e-01 1.0001e+00 1.2504e-08
5.0010e-01 1.0001e+00 1.2504e-08
5.0010e-01 1.0001e+00 1.2504e-08
5.0010e-01 1.0001e+00 1.2504e-08
5.0010e-01 1.0001e+00 1.2504e-08
5.0010e-01 1.0001e+00 1.2504e-08
5.0010e-01 1.0001e+00 1.2504e-08
5.0010e-01 1.0001e+00 1.2504e-08
5.0010e-01 1.0001e+00 1.2504e-08
5.0010e-01 1.0001e+00 1.2504e-08
5.0010e-01 1.0001e+00 1.2504e-08
5.0010e-01 1.0001e+00 1.2504e-08
5.0010e-01 1.0001e+00 1.2504e-08
5.0010e-01 1.0001e+00 1.2504e-08
5.0010e-01 1.0001e+00 1.2504e-08
5.0010e-01 1.0001e+00 1.2504e-08
5.0010e-01 1.0001e+00 1.2504e-08
5.0010e-01 1.0001e+00 1.2504e-08
5.0010e-01 1.0001e+00 1.2504e-08
5.0010e-01 1.0001e+00 1.2504e-08
5.0010e-01 1.0001e+00 1.2504e-08
5.0010e-01 1.0001e+00 1.2504e-08
5.0010e-01 1.0001e+00 1.2504e-08
5.0010e-01 1.0001e+00 1.2504e-08
