126.421235
9.9485e+01 1.3270e+00 1.7065e-01
6.1093e+01 1.2019e-02 9.8559e+01
6.1093e+01 1.2019e-02 9.8559e+01
9.9485e+01 1.3270e+00 1.7065e-01
6.1093e+01 1.2019e-02 9.8559e+01
6.1093e+01 1.2019e-02 9.8559e+01
9.9485e+01 1.3270e+00 1.7065e-01
6.1093e+01 1.2019e-02 9.8559e+01
6.1093e+01 1.2019e-02 9.8559e+01
9.9485e+01 1.3270e+00 1.7065e-01
6.1093e+01 1.2019e-02 9.8559e+01
6.1093e+01 1.2019e-02 9.8559e+01
9.9485e+01 1.3270e+00 1.7065e-01
6.1093e+01 1.2019e-02 9.8559e+01
6.1093e+01 1.2019e-02 9.8559e+01
9.9485e+01 1.3270e+00 1.7065e-01
6.1093e+01 1.2019e-02 9.8559e+01
6.1093e+01 1.2019e-02 9.8559e+01
9.9485e+01 1.3270e+00 1.7065e-01
6.1093e+01 1.2019e-02 9.8559e+01
6.1093e+01 1.2019e-02 9.8559e+01
9.9485e+01 1.3270e+00 1.7065e-01
6.1093e+01 1.2019e-02 9.8559e+01
6.1093e+01 1.2019e-02 9.8559e+01
6.1093e+01 1.2019e-02 9.8559e+01
9.9485e+01 1.3270e+00 1.7065e-01
6.1093e+01 1.2019e-02 9.8559e+01
6.1093e+01 1.2019e-02 9.8559e+01
9.9485e+01 1.3270e+00 1.7065e-01
6.1093e+01 1.2019e-02 9.8559e+01
6.1093e+01 1.2019e-02 9.8559e+01
9.9485e+01 1.3270e+00 1.7065e-01
6.1093e+01 1.2019e-02 9.8559e+01
6.1093e+01 1.2019e-02 9.8559e+01
9.9485e+01 1.3270e+00 1.7065e-01
6.1093e+01 1.2019e-02 9.8559e+01
6.1093e+01 1.2019e-02 9.8559e+01
9.9485e+01 1.3270e+00 1.7065e-01
6.1093e+01 1.2019e-02 9.8559e+01
6.1093e+01 1.2019e-02 9.8559e+01
9.9485e+01 1.3270e+00 1.7065e-01
6.1093e+01 1.2019e-02 9.8559e+01
6.1093e+01 1.2019e-02 9.8559e+01
9.9485e+01 1.3270e+00 1.7065e-01
6.1093e+01 1.2019e-02 9.8559e+01
6.1093e+01 1.2019e-02 9.8559e+01
9.9485e+01 1.3270e+00 1.7065e-01
6.1093e+01 1.2019e-02 9.8559e+01
