0.003906
8.9238e-01 1.3740e+00 2.7438e-04
1.8838e+00 1.3743e+00 3.4206e-03
8.9238e-01 1.3740e+00 2.7438e-04
8.9238e-01 1.3748e+00 2.7446e-04
8.9238e-01 1.3748e+00 2.7451e-04
8.9238e-01 1.3748e+00 2.7446e-04
8.9238e-01 1.3748e+00 2.7446e-04
8.9238e-01 1.3748e+00 2.7440e-04
8.9238e-01 1.3748e+00 2.7446e-04
8.9238e-01 1.3748e+00 2.7451e-04
8.9238e-01 1.3748e+00 2.7451e-04
8.9238e-01 1.3748e+00 2.7451e-04
8.9238e-01 1.3748e+00 2.7451e-04
8.9238e-01 1.3748e+00 2.7451e-04
8.9238e-01 1.3748e+00 2.7451e-04
8.9238e-01 1.3748e+00 2.7451e-04
8.9238e-01 1.3748e+00 2.7451e-04
8.9238e-01 1.3748e+00 2.7451e-04
8.9238e-01 1.3748e+00 2.7446e-04
8.9238e-01 1.3748e+00 2.7440e-04
8.9238e-01 1.3748e+00 2.7446e-04
8.9238e-01 1.3748e+00 2.7451e-04
8.9238e-01 1.3748e+00 2.7451e-04
8.9238e-01 1.3748e+00 2.7451e-04
8.9238e-01 1.3740e+00 2.7438e-04
8.9238e-01 1.3740e+00 2.7438e-04
8.9238e-01 1.3748e+00 2.7440e-04
8.9238e-01 1.3748e+00 2.7451e-04
8.9238e-01 1.3748e+00 2.7451e-04
8.9238e-01 1.3748e+00 2.7440e-04
8.9238e-01 1.3748e+00 2.7451e-04
8.9238e-01 1.3748e+00 2.7451e-04
8.9238e-01 1.3748e+00 2.7451e-04
8.9238e-01 1.3748e+00 2.7451e-04
8.9238e-01 1.3748e+00 2.7451e-04
8.9238e-01 1.3748e+00 2.7451e-04
8.9238e-01 1.3748e+00 2.7451e-04
8.9238e-01 1.3748e+00 2.7451e-04
8.9238e-01 1.3748e+00 2.7451e-04
8.9238e-01 1.3748e+00 2.7451e-04
8.9238e-01 1.3748e+00 2.7451e-04
8.9238e-01 1.3748e+00 2.7451e-04
8.9238e-01 1.3740e+00 2.7438e-04
8.9238e-01 1.3740e+00 2.7438e-04
8.9238e-01 1.3748e+00 2.7440e-04
8.9238e-01 1.3748e+00 2.7451e-04
8.9238e-01 1.3748e+00 2.7451e-04
8.9238e-01 1.3748e+00 2.7440e-04
