2.018680
8.3008e+01 6.9220e-02 1.5720e+01
8.3028e+01 6.7470e-02 1.6151e+01
8.3008e+01 6.9220e-02 1.5720e+01
8.2984e+01 6.8798e-02 1.5825e+01
8.2985e+01 6.8841e-02 1.5815e+01
8.2984e+01 6.8798e-02 1.5825e+01
8.2984e+01 6.8797e-02 1.5825e+01
8.2980e+01 6.8650e-02 1.5860e+01
8.2984e+01 6.8797e-02 1.5825e+01
8.2987e+01 6.8882e-02 1.5805e+01
8.2984e+01 6.8820e-02 1.5820e+01
8.2987e+01 6.8882e-02 1.5805e+01
8.2985e+01 6.8830e-02 1.5818e+01
8.2984e+01 6.8820e-02 1.5820e+01
8.2985e+01 6.8830e-02 1.5818e+01
8.2985e+01 6.8841e-02 1.5815e+01
8.2985e+01 6.8842e-02 1.5815e+01
8.2985e+01 6.8841e-02 1.5815e+01
8.2984e+01 6.8797e-02 1.5825e+01
8.2980e+01 6.8650e-02 1.5860e+01
8.2984e+01 6.8797e-02 1.5825e+01
8.2987e+01 6.8882e-02 1.5805e+01
8.2984e+01 6.8820e-02 1.5820e+01
8.2987e+01 6.8882e-02 1.5805e+01
8.3008e+01 6.9220e-02 1.5720e+01
8.3008e+01 6.9220e-02 1.5720e+01
8.2980e+01 6.8651e-02 1.5860e+01
8.2986e+01 6.8875e-02 1.5807e+01
8.2986e+01 6.8875e-02 1.5807e+01
8.2980e+01 6.8651e-02 1.5860e+01
8.2987e+01 6.8882e-02 1.5805e+01
8.2987e+01 6.8882e-02 1.5805e+01
8.2985e+01 6.8841e-02 1.5815e+01
8.2985e+01 6.8836e-02 1.5816e+01
8.2985e+01 6.8836e-02 1.5816e+01
8.2985e+01 6.8841e-02 1.5815e+01
8.2987e+01 6.8882e-02 1.5805e+01
8.2987e+01 6.8882e-02 1.5805e+01
8.2985e+01 6.8841e-02 1.5815e+01
8.2985e+01 6.8836e-02 1.5816e+01
8.2985e+01 6.8836e-02 1.5816e+01
8.2985e+01 6.8841e-02 1.5815e+01
8.3008e+01 6.9220e-02 1.5720e+01
8.3008e+01 6.9220e-02 1.5720e+01
8.2980e+01 6.8651e-02 1.5860e+01
8.2986e+01 6.8875e-02 1.5807e+01
8.2986e+01 6.8875e-02 1.5807e+01
8.2980e+01 6.8651e-02 1.5860e+01
