10000.000000
9.9484e+01 1.3270e+00 1.7065e-01
6.1092e+01 1.2019e-02 9.8560e+01
6.1092e+01 1.2019e-02 9.8560e+01
9.9484e+01 1.3270e+00 1.7065e-01
6.1092e+01 1.2019e-02 9.8560e+01
6.1092e+01 1.2019e-02 9.8560e+01
9.9484e+01 1.3270e+00 1.7065e-01
6.1092e+01 1.2019e-02 9.8560e+01
6.1092e+01 1.2019e-02 9.8560e+01
9.9484e+01 1.3270e+00 1.7065e-01
6.1092e+01 1.2019e-02 9.8560e+01
6.1092e+01 1.2019e-02 9.8560e+01
9.9484e+01 1.3270e+00 1.7065e-01
6.1092e+01 1.2019e-02 9.8560e+01
6.1092e+01 1.2019e-02 9.8560e+01
9.9484e+01 1.3270e+00 1.7065e-01
6.1092e+01 1.2019e-02 9.8560e+01
6.1092e+01 1.2019e-02 9.8560e+01
9.9484e+01 1.3270e+00 1.7065e-01
6.1092e+01 1.2019e-02 9.8560e+01
6.1092e+01 1.2019e-02 9.8560e+01
9.9484e+01 1.3270e+00 1.7065e-01
6.1092e+01 1.2019e-02 9.8560e+01
6.1092e+01 1.2019e-02 9.8560e+01
6.1092e+01 1.2019e-02 9.8560e+01
9.9484e+01 1.3270e+00 1.7065e-01
6.1092e+01 1.2019e-02 9.8560e+01
6.1092e+01 1.2019e-02 9.8560e+01
9.9484e+01 1.3270e+00 1.7065e-01
6.1092e+01 1.2019e-02 9.8560e+01
6.1092e+01 1.2019e-02 9.8560e+01
9.9484e+01 1.3270e+00 1.7065e-01
6.1092e+01 1.2019e-02 9.8560e+01
6.1092e+01 1.2019e-02 9.8560e+01
9.9484e+01 1.3270e+00 1.7065e-01
6.1092e+01 1.2019e-02 9.8560e+01
6.1092e+01 1.2019e-02 9.8560e+01
9.9484e+01 1.3270e+00 1.7065e-01
6.1092e+01 1.2019e-02 9.8560e+01
6.1092e+01 1.2019e-02 9.8560e+01
9.9484e+01 1.3270e+00 1.7065e-01
6.1092e+01 1.2019e-02 9.8560e+01
6.1092e+01 1.2019e-02 9.8560e+01
9.9484e+01 1.3270e+00 1.7065e-01
6.1092e+01 1.2019e-02 9.8560e+01
6.1092e+01 1.2019e-02 9.8560e+01
9.9484e+01 1.3270e+00 1.7065e-01
6.1092e+01 1.2019e-02 9.8560e+01
