0.000781
5.7880e-01 1.0752e+00 1.3887e-05
1.5772e+00 1.0753e+00 3.1783e-04
5.7880e-01 1.0752e+00 1.3887e-05
5.7880e-01 1.0753e+00 1.3888e-05
5.7880e-01 1.0753e+00 1.3888e-05
5.7880e-01 1.0753e+00 1.3888e-05
5.7880e-01 1.0753e+00 1.3888e-05
5.7880e-01 1.0753e+00 1.3887e-05
5.7880e-01 1.0753e+00 1.3888e-05
5.7880e-01 1.0753e+00 1.3888e-05
5.7880e-01 1.0753e+00 1.3888e-05
5.7880e-01 1.0753e+00 1.3888e-05
5.7880e-01 1.0753e+00 1.3888e-05
5.7880e-01 1.0753e+00 1.3888e-05
5.7880e-01 1.0753e+00 1.3888e-05
5.7880e-01 1.0753e+00 1.3888e-05
5.7880e-01 1.0753e+00 1.3888e-05
5.7880e-01 1.0753e+00 1.3888e-05
5.7880e-01 1.0753e+00 1.3888e-05
5.7880e-01 1.0753e+00 1.3887e-05
5.7880e-01 1.0753e+00 1.3888e-05
5.7880e-01 1.0753e+00 1.3888e-05
5.7880e-01 1.0753e+00 1.3888e-05
5.7880e-01 1.0753e+00 1.3888e-05
5.7880e-01 1.0752e+00 1.3887e-05
5.7880e-01 1.0752e+00 1.3887e-05
5.7880e-01 1.0753e+00 1.3887e-05
5.7880e-01 1.0753e+00 1.3888e-05
5.7880e-01 1.0753e+00 1.3888e-05
5.7880e-01 1.0753e+00 1.3887e-05
5.7880e-01 1.0753e+00 1.3888e-05
5.7880e-01 1.0753e+00 1.3888e-05
5.7880e-01 1.0753e+00 1.3888e-05
5.7880e-01 1.0753e+00 1.3888e-05
5.7880e-01 1.0753e+00 1.3888e-05
5.7880e-01 1.0753e+00 1.3888e-05
5.7880e-01 1.0753e+00 1.3888e-05
5.7880e-01 1.0753e+00 1.3888e-05
5.7880e-01 1.0753e+00 1.3888e-05
5.7880e-01 1.0753e+00 1.3888e-05
5.7880e-01 1.0753e+00 1.3888e-05
5.7880e-01 1.0753e+00 1.3888e-05
5.7880e-01 1.0752e+00 1.3887e-05
5.7880e-01 1.0752e+00 1.3887e-05
5.7880e-01 1.0753e+00 1.3887e-05
5.7880e-01 1.0753e+00 1.3888e-05
5.7880e-01 1.0753e+00 1.3888e-05
5.7880e-01 1.0753e+00 1.3887e-05
