99.219191
9.6514e+01 6.7869e-02 1.3740e+01
9.5471e+01 4.4355e-02 2.1438e+01
9.6502e+01 6.7502e-02 1.3820e+01
9.6528e+01 6.8310e-02 1.3646e+01
9.5477e+01 4.4449e-02 2.1390e+01
9.6516e+01 6.7940e-02 1.3725e+01
9.6514e+01 6.7869e-02 1.3740e+01
9.5471e+01 4.4355e-02 2.1438e+01
9.6502e+01 6.7502e-02 1.3820e+01
9.6528e+01 6.8310e-02 1.3646e+01
9.5477e+01 4.4449e-02 2.1390e+01
9.6516e+01 6.7940e-02 1.3725e+01
9.6514e+01 6.7869e-02 1.3740e+01
9.5471e+01 4.4355e-02 2.1438e+01
9.6502e+01 6.7502e-02 1.3820e+01
9.6528e+01 6.8310e-02 1.3646e+01
9.5477e+01 4.4449e-02 2.1390e+01
9.6516e+01 6.7940e-02 1.3725e+01
9.6514e+01 6.7869e-02 1.3740e+01
9.5471e+01 4.4355e-02 2.1438e+01
9.6502e+01 6.7502e-02 1.3820e+01
9.6528e+01 6.8310e-02 1.3646e+01
9.5477e+01 4.4449e-02 2.1390e+01
9.6516e+01 6.7940e-02 1.3725e+01
9.6514e+01 6.7883e-02 1.3737e+01
9.6526e+01 6.8253e-02 1.3658e+01
9.5474e+01 4.4401e-02 2.1415e+01
9.6504e+01 6.7557e-02 1.3808e+01
9.6516e+01 6.7925e-02 1.3728e+01
9.5475e+01 4.4403e-02 2.1414e+01
9.6514e+01 6.7883e-02 1.3737e+01
9.6526e+01 6.8253e-02 1.3658e+01
9.5474e+01 4.4401e-02 2.1415e+01
9.6504e+01 6.7557e-02 1.3808e+01
9.6516e+01 6.7925e-02 1.3728e+01
9.5475e+01 4.4403e-02 2.1414e+01
9.6514e+01 6.7883e-02 1.3737e+01
9.6526e+01 6.8253e-02 1.3658e+01
9.5474e+01 4.4401e-02 2.1415e+01
9.6504e+01 6.7557e-02 1.3808e+01
9.6516e+01 6.7925e-02 1.3728e+01
9.5475e+01 4.4403e-02 2.1414e+01
9.6514e+01 6.7883e-02 1.3737e+01
9.6526e+01 6.8253e-02 1.3658e+01
9.5474e+01 4.4401e-02 2.1415e+01
9.6504e+01 6.7557e-02 1.3808e+01
9.6516e+01 6.7925e-02 1.3728e+01
9.5475e+01 4.4403e-02 2.1414e+01
