118.705727
9.9677e+01 1.2500e+00 1.8838e-01
6.3901e+01 1.1901e-02 9.7693e+01
6.3886e+01 1.1902e-02 9.7697e+01
9.9675e+01 1.2513e+00 1.8765e-01
6.3911e+01 1.1901e-02 9.7688e+01
6.3928e+01 1.1902e-02 9.7676e+01
9.9677e+01 1.2500e+00 1.8838e-01
6.3901e+01 1.1901e-02 9.7693e+01
6.3886e+01 1.1902e-02 9.7697e+01
9.9675e+01 1.2513e+00 1.8765e-01
6.3911e+01 1.1901e-02 9.7688e+01
6.3928e+01 1.1902e-02 9.7676e+01
9.9677e+01 1.2500e+00 1.8838e-01
6.3901e+01 1.1901e-02 9.7693e+01
6.3886e+01 1.1902e-02 9.7697e+01
9.9675e+01 1.2513e+00 1.8765e-01
6.3911e+01 1.1901e-02 9.7688e+01
6.3928e+01 1.1902e-02 9.7676e+01
9.9677e+01 1.2500e+00 1.8838e-01
6.3901e+01 1.1901e-02 9.7693e+01
6.3886e+01 1.1902e-02 9.7697e+01
9.9675e+01 1.2513e+00 1.8765e-01
6.3911e+01 1.1901e-02 9.7688e+01
6.3928e+01 1.1902e-02 9.7676e+01
6.3916e+01 1.1902e-02 9.7682e+01
9.9675e+01 1.2512e+00 1.8772e-01
6.3884e+01 1.1901e-02 9.7702e+01
6.3897e+01 1.1902e-02 9.7691e+01
9.9677e+01 1.2502e+00 1.8831e-01
6.3929e+01 1.1901e-02 9.7680e+01
6.3916e+01 1.1902e-02 9.7682e+01
9.9675e+01 1.2512e+00 1.8772e-01
6.3884e+01 1.1901e-02 9.7702e+01
6.3897e+01 1.1902e-02 9.7691e+01
9.9677e+01 1.2502e+00 1.8831e-01
6.3929e+01 1.1901e-02 9.7680e+01
6.3916e+01 1.1902e-02 9.7682e+01
9.9675e+01 1.2512e+00 1.8772e-01
6.3884e+01 1.1901e-02 9.7702e+01
6.3897e+01 1.1902e-02 9.7691e+01
9.9677e+01 1.2502e+00 1.8831e-01
6.3929e+01 1.1901e-02 9.7680e+01
6.3916e+01 1.1902e-02 9.7682e+01
9.9675e+01 1.2512e+00 1.8772e-01
6.3884e+01 1.1901e-02 9.7702e+01
6.3897e+01 1.1902e-02 9.7691e+01
9.9677e+01 1.2502e+00 1.8831e-01
6.3929e+01 1.1901e-02 9.7680e+01
