10000.000000
2.7835e+01 2.6628e-01 9.3044e-06
8.8678e+01 1.6279e-03 6.2633e+01
8.8678e+01 1.6279e-03 6.2633e+01
2.7835e+01 2.6628e-01 9.3044e-06
8.8678e+01 1.6279e-03 6.2633e+01
8.8678e+01 1.6279e-03 6.2633e+01
2.7835e+01 2.6628e-01 9.3044e-06
8.8678e+01 1.6279e-03 6.2633e+01
8.8678e+01 1.6279e-03 6.2633e+01
2.7835e+01 2.6628e-01 9.3044e-06
8.8678e+01 1.6279e-03 6.2633e+01
8.8678e+01 1.6279e-03 6.2633e+01
2.7835e+01 2.6628e-01 9.3044e-06
8.8678e+01 1.6279e-03 6.2633e+01
8.8678e+01 1.6279e-03 6.2633e+01
2.7835e+01 2.6628e-01 9.3044e-06
8.8678e+01 1.6279e-03 6.2633e+01
8.8678e+01 1.6279e-03 6.2633e+01
2.7835e+01 2.6628e-01 9.3044e-06
8.8678e+01 1.6279e-03 6.2633e+01
8.8678e+01 1.6279e-03 6.2633e+01
2.7835e+01 2.6628e-01 9.3044e-06
8.8678e+01 1.6279e-03 6.2633e+01
8.8678e+01 1.6279e-03 6.2633e+01
8.8678e+01 1.6279e-03 6.2633e+01
2.7835e+01 2.6628e-01 9.3044e-06
8.8678e+01 1.6279e-03 6.2633e+01
8.8678e+01 1.6279e-03 6.2633e+01
2.7835e+01 2.6628e-01 9.3044e-06
8.8678e+01 1.6279e-03 6.2633e+01
8.8678e+01 1.6279e-03 6.2633e+01
2.7835e+01 2.6628e-01 9.3044e-06
8.8678e+01 1.6279e-03 6.2633e+01
8.8678e+01 1.6279e-03 6.2633e+01
2.7835e+01 2.6628e-01 9.3044e-06
8.8678e+01 1.6279e-03 6.2633e+01
8.8678e+01 1.6279e-03 6.2633e+01
2.7835e+01 2.6628e-01 9.3044e-06
8.8678e+01 1.6279e-03 6.2633e+01
8.8678e+01 1.6279e-03 6.2633e+01
2.7835e+01 2.6628e-01 9.3044e-06
8.8678e+01 1.6279e-03 6.2633e+01
8.8678e+01 1.6279e-03 6.2633e+01
2.7835e+01 2.6628e-01 9.3044e-06
8.8678e+01 1.6279e-03 6.2633e+01
8.8678e+01 1.6279e-03 6.2633e+01
2.7835e+01 2.6628e-01 9.3044e-06
8.8678e+01 1.6279e-03 6.2633e+01
