0.000001
5.0010e-01 1.0001e+00 3.0000e-01
5.0010e-01 1.0001e-01 1.0500e+01
1.0001e+00 1.0001e+00 3.0000e-01
5.0010e-01 1.0001e+00 3.0000e-01
5.0010e-01 1.0001e+00 3.0000e-01
5.0010e-01 1.0001e+00 3.0000e-01
5.0010e-01 1.0001e+00 3.0000e-01
5.0010e-01 1.0001e+00 3.0000e-01
5.0010e-01 1.0001e+00 3.0000e-01
5.0010e-01 1.0001e+00 3.0000e-01
5.0010e-01 1.0001e+00 3.0000e-01
5.0010e-01 1.0001e+00 3.0000e-01
5.0010e-01 1.0001e+00 3.0000e-01
5.0010e-01 1.0001e+00 3.0000e-01
5.0010e-01 1.0001e+00 3.0000e-01
5.0010e-01 1.0001e+00 3.0000e-01
5.0010e-01 1.0001e+00 3.0000e-01
5.0010e-01 1.0001e+00 3.0000e-01
5.0010e-01 1.0001e+00 3.0000e-01
5.0010e-01 1.0001e+00 3.0000e-01
5.0010e-01 1.0001e+00 3.0000e-01
5.0010e-01 1.0001e+00 3.0000e-01
5.0010e-01 1.0001e+00 3.0000e-01
5.0010e-01 1.0001e+00 3.0000e-01
5.0010e-01 1.0001e+00 3.0000e-01
5.0010e-01 1.0001e+00 3.0000e-01
5.0010e-01 1.0001e+00 3.0000e-01
5.0010e-01 1.0001e+00 3.0000e-01
5.0010e-01 1.0001e+00 3.0000e-01
5.0010e-01 1.0001e+00 3.0000e-01
5.0010e-01 1.0001e+00 3.0000e-01
5.0010e-01 1.0001e+00 3.0000e-01
5.0010e-01 1.0001e+00 3.0000e-01
5.0010e-01 1.0001e+00 3.0000e-01
5.0010e-01 1.0001e+00 3.0000e-01
5.0010e-01 1.0001e+00 3.0000e-01
5.0010e-01 1.0001e+00 3.0000e-01
5.0010e-01 1.0001e+00 3.0000e-01
5.0010e-01 1.0001e+00 3.0000e-01
5.0010e-01 1.0001e+00 3.0000e-01
5.0010e-01 1.0001e+00 3.0000e-01
5.0010e-01 1.0001e+00 3.0000e-01
5.0010e-01 1.0001e+00 3.0000e-01
5.0010e-01 1.0001e+00 3.0000e-01
5.0010e-01 1.0001e+00 3.0000e-01
5.0010e-01 1.0001e+00 3.0000e-01
5.0010e-01 1.0001e+00 3.0000e-01
5.0010e-01 1.0001e+00 3.0000e-01
