111.891993
9.7647e+01 1.2186e-01 7.2678e+00
9.4822e+01 3.6016e-02 2.6714e+01
9.5129e+01 3.9670e-02 2.4221e+01
9.7676e+01 1.2396e-01 7.1298e+00
9.4839e+01 3.6194e-02 2.6579e+01
9.5177e+01 4.0294e-02 2.3829e+01
9.7647e+01 1.2186e-01 7.2678e+00
9.4822e+01 3.6016e-02 2.6714e+01
9.5129e+01 3.9670e-02 2.4221e+01
9.7676e+01 1.2396e-01 7.1298e+00
9.4839e+01 3.6194e-02 2.6579e+01
9.5177e+01 4.0294e-02 2.3829e+01
9.7647e+01 1.2186e-01 7.2678e+00
9.4822e+01 3.6016e-02 2.6714e+01
9.5129e+01 3.9670e-02 2.4221e+01
9.7676e+01 1.2396e-01 7.1298e+00
9.4839e+01 3.6194e-02 2.6579e+01
9.5177e+01 4.0294e-02 2.3829e+01
9.7647e+01 1.2186e-01 7.2678e+00
9.4822e+01 3.6016e-02 2.6714e+01
9.5129e+01 3.9670e-02 2.4221e+01
9.7676e+01 1.2396e-01 7.1298e+00
9.4839e+01 3.6194e-02 2.6579e+01
9.5177e+01 4.0294e-02 2.3829e+01
9.5167e+01 4.0164e-02 2.3910e+01
9.7673e+01 1.2375e-01 7.1434e+00
9.4810e+01 3.5891e-02 2.6812e+01
9.5139e+01 3.9795e-02 2.4141e+01
9.7650e+01 1.2206e-01 7.2545e+00
9.4850e+01 3.6318e-02 2.6482e+01
9.5167e+01 4.0164e-02 2.3910e+01
9.7673e+01 1.2375e-01 7.1434e+00
9.4810e+01 3.5891e-02 2.6812e+01
9.5139e+01 3.9795e-02 2.4141e+01
9.7650e+01 1.2206e-01 7.2545e+00
9.4850e+01 3.6318e-02 2.6482e+01
9.5167e+01 4.0164e-02 2.3910e+01
9.7673e+01 1.2375e-01 7.1434e+00
9.4810e+01 3.5891e-02 2.6812e+01
9.5139e+01 3.9795e-02 2.4141e+01
9.7650e+01 1.2206e-01 7.2545e+00
9.4850e+01 3.6318e-02 2.6482e+01
9.5167e+01 4.0164e-02 2.3910e+01
9.7673e+01 1.2375e-01 7.1434e+00
9.4810e+01 3.5891e-02 2.6812e+01
9.5139e+01 3.9795e-02 2.4141e+01
9.7650e+01 1.2206e-01 7.2545e+00
9.4850e+01 3.6318e-02 2.6482e+01
