114.055842
9.9192e+01 3.3066e-01 2.1823e+00
9.0484e+01 1.7410e-02 5.7382e+01
9.0487e+01 1.7475e-02 5.7202e+01
9.9212e+01 3.3676e-01 2.1278e+00
9.0521e+01 1.7472e-02 5.7177e+01
9.0630e+01 1.7704e-02 5.6425e+01
9.9192e+01 3.3066e-01 2.1823e+00
9.0484e+01 1.7410e-02 5.7382e+01
9.0487e+01 1.7475e-02 5.7202e+01
9.9212e+01 3.3676e-01 2.1278e+00
9.0521e+01 1.7472e-02 5.7177e+01
9.0630e+01 1.7704e-02 5.6425e+01
9.9192e+01 3.3066e-01 2.1823e+00
9.0484e+01 1.7410e-02 5.7382e+01
9.0487e+01 1.7475e-02 5.7202e+01
9.9212e+01 3.3676e-01 2.1278e+00
9.0521e+01 1.7472e-02 5.7177e+01
9.0630e+01 1.7704e-02 5.6425e+01
9.9192e+01 3.3066e-01 2.1823e+00
9.0484e+01 1.7410e-02 5.7382e+01
9.0487e+01 1.7475e-02 5.7202e+01
9.9212e+01 3.3676e-01 2.1278e+00
9.0521e+01 1.7472e-02 5.7177e+01
9.0630e+01 1.7704e-02 5.6425e+01
9.0593e+01 1.7645e-02 5.6628e+01
9.9210e+01 3.3618e-01 2.1329e+00
9.0427e+01 1.7325e-02 5.7685e+01
9.0525e+01 1.7532e-02 5.7004e+01
9.9194e+01 3.3122e-01 2.1772e+00
9.0578e+01 1.7560e-02 5.6871e+01
9.0593e+01 1.7645e-02 5.6628e+01
9.9210e+01 3.3618e-01 2.1329e+00
9.0427e+01 1.7325e-02 5.7685e+01
9.0525e+01 1.7532e-02 5.7004e+01
9.9194e+01 3.3122e-01 2.1772e+00
9.0578e+01 1.7560e-02 5.6871e+01
9.0593e+01 1.7645e-02 5.6628e+01
9.9210e+01 3.3618e-01 2.1329e+00
9.0427e+01 1.7325e-02 5.7685e+01
9.0525e+01 1.7532e-02 5.7004e+01
9.9194e+01 3.3122e-01 2.1772e+00
9.0578e+01 1.7560e-02 5.6871e+01
9.0593e+01 1.7645e-02 5.6628e+01
9.9210e+01 3.3618e-01 2.1329e+00
9.0427e+01 1.7325e-02 5.7685e+01
9.0525e+01 1.7532e-02 5.7004e+01
9.9194e+01 3.3122e-01 2.1772e+00
9.0578e+01 1.7560e-02 5.6871e+01
