0.190717
8.9783e+00 4.4238e-01 1.3504e+00
1.5507e+01 3.8980e-02 1.4771e+01
9.8321e+00 3.4991e-01 1.7281e+00
9.5870e+00 3.4828e-01 1.8378e+00
9.6355e+00 3.4135e-01 1.8828e+00
9.6672e+00 3.3370e-01 1.9462e+00
9.6672e+00 3.3377e-01 1.9455e+00
9.7081e+00 3.2229e-01 2.0508e+00
9.6729e+00 3.3160e-01 1.9659e+00
9.6345e+00 3.4192e-01 1.8774e+00
9.6345e+00 3.4152e-01 1.8817e+00
9.6319e+00 3.4274e-01 1.8704e+00
9.6345e+00 3.4148e-01 1.8821e+00
9.6346e+00 3.4142e-01 1.8827e+00
9.6345e+00 3.4147e-01 1.8822e+00
9.6345e+00 3.4154e-01 1.8815e+00
9.6344e+00 3.4157e-01 1.8812e+00
9.6345e+00 3.4155e-01 1.8814e+00
9.6672e+00 3.3377e-01 1.9455e+00
9.7081e+00 3.2229e-01 2.0508e+00
9.6729e+00 3.3160e-01 1.9659e+00
9.6345e+00 3.4192e-01 1.8774e+00
9.6345e+00 3.4152e-01 1.8817e+00
9.6319e+00 3.4274e-01 1.8704e+00
8.9821e+00 4.4083e-01 1.3590e+00
8.8813e+00 4.6294e-01 1.2617e+00
9.6264e+00 3.3738e-01 1.9291e+00
9.6373e+00 3.4084e-01 1.8871e+00
9.6318e+00 3.4279e-01 1.8699e+00
9.7052e+00 3.2342e-01 2.0394e+00
9.6318e+00 3.4278e-01 1.8700e+00
9.6318e+00 3.4284e-01 1.8694e+00
9.6336e+00 3.4197e-01 1.8774e+00
9.6345e+00 3.4155e-01 1.8814e+00
9.6345e+00 3.4152e-01 1.8817e+00
9.6337e+00 3.4188e-01 1.8784e+00
9.6318e+00 3.4278e-01 1.8700e+00
9.6318e+00 3.4284e-01 1.8694e+00
9.6336e+00 3.4197e-01 1.8774e+00
9.6345e+00 3.4155e-01 1.8814e+00
9.6345e+00 3.4152e-01 1.8817e+00
9.6337e+00 3.4188e-01 1.8784e+00
8.9821e+00 4.4083e-01 1.3590e+00
8.8813e+00 4.6294e-01 1.2617e+00
9.6264e+00 3.3738e-01 1.9291e+00
9.6373e+00 3.4084e-01 1.8871e+00
9.6318e+00 3.4279e-01 1.8699e+00
9.7052e+00 3.2342e-01 2.0394e+00
