5.650902
3.6512e+01 1.9732e-01 9.9344e-02
8.9821e+01 2.5770e-03 3.8694e+01
8.7347e+01 3.4587e-03 2.9289e+01
4.1117e+01 1.7028e-01 1.5778e-01
8.3356e+01 9.2420e-03 1.0807e+01
8.2363e+01 9.1544e-03 1.1038e+01
5.7325e+01 9.3082e-02 6.1140e-01
8.8185e+01 4.8847e-03 2.0243e+01
8.6542e+01 5.2051e-03 1.9269e+01
4.5620e+01 1.4553e-01 2.4733e-01
8.2443e+01 1.1609e-02 8.4905e+00
6.7289e+01 3.9473e-02 2.3371e+00
6.9535e+01 4.8888e-02 1.6016e+00
8.4612e+01 8.7814e-03 1.1273e+01
8.0895e+01 1.3002e-02 7.6117e+00
5.9885e+01 8.4142e-02 7.1769e-01
7.3052e+01 3.0321e-02 3.0397e+00
6.5463e+01 5.4821e-02 1.4541e+00
5.7325e+01 9.3082e-02 6.1140e-01
8.8185e+01 4.8847e-03 2.0243e+01
8.6542e+01 5.2051e-03 1.9269e+01
4.5620e+01 1.4553e-01 2.4733e-01
8.2443e+01 1.1609e-02 8.4905e+00
6.7289e+01 3.9473e-02 2.3371e+00
8.3288e+01 6.3489e-03 1.6192e+01
3.2150e+01 2.2851e-01 4.6741e-02
8.7395e+01 4.5131e-03 2.2184e+01
8.1047e+01 1.0109e-02 1.0074e+01
5.0071e+01 1.2337e-01 3.6328e-01
8.6851e+01 6.5538e-03 1.5048e+01
6.6649e+01 3.9993e-02 2.3208e+00
4.6456e+01 1.3956e-01 2.8376e-01
7.9442e+01 1.3768e-02 7.2709e+00
7.6813e+01 2.0664e-02 4.6694e+00
6.7232e+01 5.5139e-02 1.3768e+00
7.9791e+01 1.7038e-02 5.6563e+00
6.6649e+01 3.9993e-02 2.3208e+00
4.6456e+01 1.3956e-01 2.8376e-01
7.9442e+01 1.3768e-02 7.2709e+00
7.6813e+01 2.0664e-02 4.6694e+00
6.7232e+01 5.5139e-02 1.3768e+00
7.9791e+01 1.7038e-02 5.6563e+00
8.3288e+01 6.3489e-03 1.6192e+01
3.2150e+01 2.2851e-01 4.6741e-02
8.7395e+01 4.5131e-03 2.2184e+01
8.1047e+01 1.0109e-02 1.0074e+01
5.0071e+01 1.2337e-01 3.6328e-01
8.6851e+01 6.5538e-03 1.5048e+01
