0.000006
5.0061e-01 1.0006e+00 7.5192e-08
1.5006e+00 1.0006e+00 2.0211e-06
5.0061e-01 1.0006e+00 7.5192e-08
5.0061e-01 1.0006e+00 7.5192e-08
5.0061e-01 1.0006e+00 7.5192e-08
5.0061e-01 1.0006e+00 7.5192e-08
5.0061e-01 1.0006e+00 7.5192e-08
5.0061e-01 1.0006e+00 7.5192e-08
5.0061e-01 1.0006e+00 7.5192e-08
5.0061e-01 1.0006e+00 7.5192e-08
5.0061e-01 1.0006e+00 7.5192e-08
5.0061e-01 1.0006e+00 7.5192e-08
5.0061e-01 1.0006e+00 7.5192e-08
5.0061e-01 1.0006e+00 7.5192e-08
5.0061e-01 1.0006e+00 7.5192e-08
5.0061e-01 1.0006e+00 7.5192e-08
5.0061e-01 1.0006e+00 7.5192e-08
5.0061e-01 1.0006e+00 7.5192e-08
5.0061e-01 1.0006e+00 7.5192e-08
5.0061e-01 1.0006e+00 7.5192e-08
5.0061e-01 1.0006e+00 7.5192e-08
5.0061e-01 1.0006e+00 7.5192e-08
5.0061e-01 1.0006e+00 7.5192e-08
5.0061e-01 1.0006e+00 7.5192e-08
5.0061e-01 1.0006e+00 7.5192e-08
5.0061e-01 1.0006e+00 7.5192e-08
5.0061e-01 1.0006e+00 7.5192e-08
5.0061e-01 1.0006e+00 7.5192e-08
5.0061e-01 1.0006e+00 7.5192e-08
5.0061e-01 1.0006e+00 7.5192e-08
5.0061e-01 1.0006e+00 7.5192e-08
5.0061e-01 1.0006e+00 7.5192e-08
5.0061e-01 1.0006e+00 7.5192e-08
5.0061e-01 1.0006e+00 7.5192e-08
5.0061e-01 1.0006e+00 7.5192e-08
5.0061e-01 1.0006e+00 7.5192e-08
5.0061e-01 1.0006e+00 7.5192e-08
5.0061e-01 1.0006e+00 7.5192e-08
5.0061e-01 1.0006e+00 7.5192e-08
5.0061e-01 1.0006e+00 7.5192e-08
5.0061e-01 1.0006e+00 7.5192e-08
5.0061e-01 1.0006e+00 7.5192e-08
5.0061e-01 1.0006e+00 7.5192e-08
5.0061e-01 1.0006e+00 7.5192e-08
5.0061e-01 1.0006e+00 7.5192e-08
5.0061e-01 1.0006e+00 7.5192e-08
5.0061e-01 1.0006e+00 7.5192e-08
5.0061e-01 1.0006e+00 7.5192e-08
