13.392661
9.6234e+01 5.9838e-02 1.5682e+01
9.6188e+01 5.8668e-02 1.6011e+01
9.6234e+01 5.9838e-02 1.5682e+01
9.6235e+01 5.9851e-02 1.5678e+01
9.6193e+01 5.8793e-02 1.5975e+01
9.6235e+01 5.9851e-02 1.5678e+01
9.6232e+01 5.9786e-02 1.5696e+01
9.6192e+01 5.8754e-02 1.5986e+01
9.6232e+01 5.9786e-02 1.5696e+01
9.6234e+01 5.9835e-02 1.5683e+01
9.6195e+01 5.8844e-02 1.5961e+01
9.6234e+01 5.9835e-02 1.5683e+01
9.6231e+01 5.9752e-02 1.5706e+01
9.6194e+01 5.8823e-02 1.5967e+01
9.6231e+01 5.9752e-02 1.5706e+01
9.6233e+01 5.9800e-02 1.5692e+01
9.6198e+01 5.8912e-02 1.5941e+01
9.6233e+01 5.9800e-02 1.5692e+01
9.6232e+01 5.9786e-02 1.5696e+01
9.6192e+01 5.8754e-02 1.5986e+01
9.6232e+01 5.9786e-02 1.5696e+01
9.6234e+01 5.9835e-02 1.5683e+01
9.6195e+01 5.8844e-02 1.5961e+01
9.6234e+01 5.9835e-02 1.5683e+01
9.6236e+01 5.9880e-02 1.5670e+01
9.6236e+01 5.9880e-02 1.5670e+01
9.6192e+01 5.8755e-02 1.5986e+01
9.6233e+01 5.9799e-02 1.5693e+01
9.6233e+01 5.9799e-02 1.5693e+01
9.6192e+01 5.8755e-02 1.5986e+01
9.6234e+01 5.9830e-02 1.5684e+01
9.6234e+01 5.9830e-02 1.5684e+01
9.6195e+01 5.8852e-02 1.5959e+01
9.6231e+01 5.9750e-02 1.5706e+01
9.6231e+01 5.9750e-02 1.5706e+01
9.6195e+01 5.8852e-02 1.5959e+01
9.6234e+01 5.9830e-02 1.5684e+01
9.6234e+01 5.9830e-02 1.5684e+01
9.6195e+01 5.8852e-02 1.5959e+01
9.6231e+01 5.9750e-02 1.5706e+01
9.6231e+01 5.9750e-02 1.5706e+01
9.6195e+01 5.8852e-02 1.5959e+01
9.6236e+01 5.9880e-02 1.5670e+01
9.6236e+01 5.9880e-02 1.5670e+01
9.6192e+01 5.8755e-02 1.5986e+01
9.6233e+01 5.9799e-02 1.5693e+01
9.6233e+01 5.9799e-02 1.5693e+01
9.6192e+01 5.8755e-02 1.5986e+01
