24.922418
9.6278e+01 6.0969e-02 1.5376e+01
9.6099e+01 5.6507e-02 1.6655e+01
9.6278e+01 6.0969e-02 1.5376e+01
9.6278e+01 6.0993e-02 1.5370e+01
9.6101e+01 5.6543e-02 1.6644e+01
9.6278e+01 6.0993e-02 1.5370e+01
9.6277e+01 6.0959e-02 1.5379e+01
9.6100e+01 5.6525e-02 1.6649e+01
9.6277e+01 6.0959e-02 1.5379e+01
9.6278e+01 6.0985e-02 1.5372e+01
9.6101e+01 5.6560e-02 1.6639e+01
9.6278e+01 6.0985e-02 1.5372e+01
9.6277e+01 6.0949e-02 1.5381e+01
9.6101e+01 5.6543e-02 1.6644e+01
9.6277e+01 6.0949e-02 1.5381e+01
9.6278e+01 6.0975e-02 1.5374e+01
9.6102e+01 5.6578e-02 1.6633e+01
9.6278e+01 6.0975e-02 1.5374e+01
9.6277e+01 6.0959e-02 1.5379e+01
9.6100e+01 5.6525e-02 1.6649e+01
9.6277e+01 6.0959e-02 1.5379e+01
9.6278e+01 6.0985e-02 1.5372e+01
9.6101e+01 5.6560e-02 1.6639e+01
9.6278e+01 6.0985e-02 1.5372e+01
9.6279e+01 6.0996e-02 1.5369e+01
9.6279e+01 6.0996e-02 1.5369e+01
9.6100e+01 5.6530e-02 1.6648e+01
9.6277e+01 6.0961e-02 1.5378e+01
9.6277e+01 6.0961e-02 1.5378e+01
9.6100e+01 5.6530e-02 1.6648e+01
9.6278e+01 6.0983e-02 1.5372e+01
9.6278e+01 6.0983e-02 1.5372e+01
9.6101e+01 5.6556e-02 1.6640e+01
9.6277e+01 6.0947e-02 1.5382e+01
9.6277e+01 6.0947e-02 1.5382e+01
9.6101e+01 5.6556e-02 1.6640e+01
9.6278e+01 6.0983e-02 1.5372e+01
9.6278e+01 6.0983e-02 1.5372e+01
9.6101e+01 5.6556e-02 1.6640e+01
9.6277e+01 6.0947e-02 1.5382e+01
9.6277e+01 6.0947e-02 1.5382e+01
9.6101e+01 5.6556e-02 1.6640e+01
9.6279e+01 6.0996e-02 1.5369e+01
9.6279e+01 6.0996e-02 1.5369e+01
9.6100e+01 5.6530e-02 1.6648e+01
9.6277e+01 6.0961e-02 1.5378e+01
9.6277e+01 6.0961e-02 1.5378e+01
9.6100e+01 5.6530e-02 1.6648e+01
