1.177685
6.5511e+01 8.5530e-02 1.6157e+01
6.5622e+01 8.2920e-02 1.6696e+01
6.5511e+01 8.5530e-02 1.6157e+01
6.5475e+01 8.5041e-02 1.6265e+01
6.5474e+01 8.5083e-02 1.6258e+01
6.5475e+01 8.5041e-02 1.6265e+01
6.5475e+01 8.5041e-02 1.6265e+01
6.5475e+01 8.4987e-02 1.6275e+01
6.5475e+01 8.5041e-02 1.6265e+01
6.5474e+01 8.5086e-02 1.6257e+01
6.5474e+01 8.5076e-02 1.6259e+01
6.5474e+01 8.5086e-02 1.6257e+01
6.5474e+01 8.5076e-02 1.6259e+01
6.5474e+01 8.5076e-02 1.6259e+01
6.5474e+01 8.5076e-02 1.6259e+01
6.5474e+01 8.5077e-02 1.6259e+01
6.5474e+01 8.5077e-02 1.6259e+01
6.5474e+01 8.5077e-02 1.6259e+01
6.5475e+01 8.5041e-02 1.6265e+01
6.5475e+01 8.4987e-02 1.6275e+01
6.5475e+01 8.5041e-02 1.6265e+01
6.5474e+01 8.5086e-02 1.6257e+01
6.5474e+01 8.5076e-02 1.6259e+01
6.5474e+01 8.5086e-02 1.6257e+01
6.5511e+01 8.5530e-02 1.6157e+01
6.5511e+01 8.5530e-02 1.6157e+01
6.5475e+01 8.4987e-02 1.6275e+01
6.5474e+01 8.5086e-02 1.6257e+01
6.5474e+01 8.5086e-02 1.6257e+01
6.5475e+01 8.4987e-02 1.6275e+01
6.5474e+01 8.5086e-02 1.6257e+01
6.5474e+01 8.5086e-02 1.6257e+01
6.5474e+01 8.5080e-02 1.6258e+01
6.5474e+01 8.5076e-02 1.6259e+01
6.5474e+01 8.5076e-02 1.6259e+01
6.5474e+01 8.5080e-02 1.6258e+01
6.5474e+01 8.5086e-02 1.6257e+01
6.5474e+01 8.5086e-02 1.6257e+01
6.5474e+01 8.5080e-02 1.6258e+01
6.5474e+01 8.5076e-02 1.6259e+01
6.5474e+01 8.5076e-02 1.6259e+01
6.5474e+01 8.5080e-02 1.6258e+01
6.5511e+01 8.5530e-02 1.6157e+01
6.5511e+01 8.5530e-02 1.6157e+01
6.5475e+01 8.4987e-02 1.6275e+01
6.5474e+01 8.5086e-02 1.6257e+01
6.5474e+01 8.5086e-02 1.6257e+01
6.5475e+01 8.4987e-02 1.6275e+01
