3.157796
9.2000e+01 6.2529e-02 1.5698e+01
9.1978e+01 6.1266e-02 1.6039e+01
9.2000e+01 6.2529e-02 1.5698e+01
9.1985e+01 6.2205e-02 1.5785e+01
9.1983e+01 6.2168e-02 1.5795e+01
9.1985e+01 6.2205e-02 1.5785e+01
9.1985e+01 6.2195e-02 1.5788e+01
9.1976e+01 6.1963e-02 1.5850e+01
9.1985e+01 6.2195e-02 1.5788e+01
9.1988e+01 6.2288e-02 1.5763e+01
9.1983e+01 6.2147e-02 1.5801e+01
9.1988e+01 6.2288e-02 1.5763e+01
9.1984e+01 6.2189e-02 1.5789e+01
9.1983e+01 6.2146e-02 1.5801e+01
9.1984e+01 6.2189e-02 1.5789e+01
9.1985e+01 6.2222e-02 1.5781e+01
9.1985e+01 6.2211e-02 1.5783e+01
9.1985e+01 6.2222e-02 1.5781e+01
9.1985e+01 6.2195e-02 1.5788e+01
9.1976e+01 6.1963e-02 1.5850e+01
9.1985e+01 6.2195e-02 1.5788e+01
9.1988e+01 6.2288e-02 1.5763e+01
9.1983e+01 6.2147e-02 1.5801e+01
9.1988e+01 6.2288e-02 1.5763e+01
9.2000e+01 6.2531e-02 1.5697e+01
9.2000e+01 6.2531e-02 1.5697e+01
9.1976e+01 6.1966e-02 1.5849e+01
9.1987e+01 6.2270e-02 1.5768e+01
9.1987e+01 6.2270e-02 1.5768e+01
9.1976e+01 6.1966e-02 1.5849e+01
9.1988e+01 6.2288e-02 1.5763e+01
9.1988e+01 6.2288e-02 1.5763e+01
9.1984e+01 6.2187e-02 1.5790e+01
9.1985e+01 6.2205e-02 1.5785e+01
9.1985e+01 6.2205e-02 1.5785e+01
9.1984e+01 6.2187e-02 1.5790e+01
9.1988e+01 6.2288e-02 1.5763e+01
9.1988e+01 6.2288e-02 1.5763e+01
9.1984e+01 6.2187e-02 1.5790e+01
9.1985e+01 6.2205e-02 1.5785e+01
9.1985e+01 6.2205e-02 1.5785e+01
9.1984e+01 6.2187e-02 1.5790e+01
9.2000e+01 6.2531e-02 1.5697e+01
9.2000e+01 6.2531e-02 1.5697e+01
9.1976e+01 6.1966e-02 1.5849e+01
9.1987e+01 6.2270e-02 1.5768e+01
9.1987e+01 6.2270e-02 1.5768e+01
9.1976e+01 6.1966e-02 1.5849e+01
