0.007031
1.2028e+00 1.6694e+00 1.6296e-03
2.1864e+00 1.6685e+00 1.2721e-02
1.2028e+00 1.6694e+00 1.6296e-03
1.2028e+00 1.6710e+00 1.6308e-03
1.2028e+00 1.6710e+00 1.6314e-03
1.2028e+00 1.6710e+00 1.6308e-03
1.2028e+00 1.6710e+00 1.6308e-03
1.2028e+00 1.6710e+00 1.6302e-03
1.2028e+00 1.6710e+00 1.6308e-03
1.2028e+00 1.6710e+00 1.6314e-03
1.2028e+00 1.6710e+00 1.6314e-03
1.2028e+00 1.6710e+00 1.6314e-03
1.2028e+00 1.6710e+00 1.6314e-03
1.2028e+00 1.6710e+00 1.6314e-03
1.2028e+00 1.6710e+00 1.6314e-03
1.2028e+00 1.6710e+00 1.6314e-03
1.2028e+00 1.6710e+00 1.6314e-03
1.2028e+00 1.6710e+00 1.6314e-03
1.2028e+00 1.6710e+00 1.6308e-03
1.2028e+00 1.6710e+00 1.6302e-03
1.2028e+00 1.6710e+00 1.6308e-03
1.2028e+00 1.6710e+00 1.6314e-03
1.2028e+00 1.6710e+00 1.6314e-03
1.2028e+00 1.6710e+00 1.6314e-03
1.2028e+00 1.6694e+00 1.6296e-03
1.2028e+00 1.6694e+00 1.6296e-03
1.2028e+00 1.6710e+00 1.6302e-03
1.2028e+00 1.6710e+00 1.6314e-03
1.2028e+00 1.6710e+00 1.6314e-03
1.2028e+00 1.6710e+00 1.6302e-03
1.2028e+00 1.6710e+00 1.6314e-03
1.2028e+00 1.6710e+00 1.6314e-03
1.2028e+00 1.6710e+00 1.6314e-03
1.2028e+00 1.6710e+00 1.6314e-03
1.2028e+00 1.6710e+00 1.6314e-03
1.2028e+00 1.6710e+00 1.6314e-03
1.2028e+00 1.6710e+00 1.6314e-03
1.2028e+00 1.6710e+00 1.6314e-03
1.2028e+00 1.6710e+00 1.6314e-03
1.2028e+00 1.6710e+00 1.6314e-03
1.2028e+00 1.6710e+00 1.6314e-03
1.2028e+00 1.6710e+00 1.6314e-03
1.2028e+00 1.6694e+00 1.6296e-03
1.2028e+00 1.6694e+00 1.6296e-03
1.2028e+00 1.6710e+00 1.6302e-03
1.2028e+00 1.6710e+00 1.6314e-03
1.2028e+00 1.6710e+00 1.6314e-03
1.2028e+00 1.6710e+00 1.6302e-03
