116.372786
9.9935e+01 9.0536e-01 4.0454e-01
7.4731e+01 1.1900e-02 9.1463e+01
7.4671e+01 1.1902e-02 9.1482e+01
9.9933e+01 9.1114e-01 3.9764e-01
7.4771e+01 1.1906e-02 9.1419e+01
7.4838e+01 1.1916e-02 9.1310e+01
9.9935e+01 9.0536e-01 4.0454e-01
7.4731e+01 1.1900e-02 9.1463e+01
7.4671e+01 1.1902e-02 9.1482e+01
9.9933e+01 9.1114e-01 3.9764e-01
7.4771e+01 1.1906e-02 9.1419e+01
7.4838e+01 1.1916e-02 9.1310e+01
9.9935e+01 9.0536e-01 4.0454e-01
7.4731e+01 1.1900e-02 9.1463e+01
7.4671e+01 1.1902e-02 9.1482e+01
9.9933e+01 9.1114e-01 3.9764e-01
7.4771e+01 1.1906e-02 9.1419e+01
7.4838e+01 1.1916e-02 9.1310e+01
9.9935e+01 9.0536e-01 4.0454e-01
7.4731e+01 1.1900e-02 9.1463e+01
7.4671e+01 1.1902e-02 9.1482e+01
9.9933e+01 9.1114e-01 3.9764e-01
7.4771e+01 1.1906e-02 9.1419e+01
7.4838e+01 1.1916e-02 9.1310e+01
7.4792e+01 1.1913e-02 9.1357e+01
9.9933e+01 9.1059e-01 3.9828e-01
7.4662e+01 1.1896e-02 9.1532e+01
7.4716e+01 1.1905e-02 9.1437e+01
9.9934e+01 9.0590e-01 4.0390e-01
7.4840e+01 1.1910e-02 9.1349e+01
7.4792e+01 1.1913e-02 9.1357e+01
9.9933e+01 9.1059e-01 3.9828e-01
7.4662e+01 1.1896e-02 9.1532e+01
7.4716e+01 1.1905e-02 9.1437e+01
9.9934e+01 9.0590e-01 4.0390e-01
7.4840e+01 1.1910e-02 9.1349e+01
7.4792e+01 1.1913e-02 9.1357e+01
9.9933e+01 9.1059e-01 3.9828e-01
7.4662e+01 1.1896e-02 9.1532e+01
7.4716e+01 1.1905e-02 9.1437e+01
9.9934e+01 9.0590e-01 4.0390e-01
7.4840e+01 1.1910e-02 9.1349e+01
7.4792e+01 1.1913e-02 9.1357e+01
9.9933e+01 9.1059e-01 3.9828e-01
7.4662e+01 1.1896e-02 9.1532e+01
7.4716e+01 1.1905e-02 9.1437e+01
9.9934e+01 9.0590e-01 4.0390e-01
7.4840e+01 1.1910e-02 9.1349e+01
