0.022656
2.6904e+00 3.0082e+00 1.9181e-01
3.6231e+00 2.9000e+00 4.3457e-01
2.6904e+00 3.0082e+00 1.9181e-01
2.6901e+00 3.0150e+00 1.9370e-01
2.6901e+00 3.0150e+00 1.9384e-01
2.6901e+00 3.0150e+00 1.9370e-01
2.6901e+00 3.0150e+00 1.9370e-01
2.6901e+00 3.0151e+00 1.9355e-01
2.6901e+00 3.0150e+00 1.9370e-01
2.6901e+00 3.0150e+00 1.9384e-01
2.6901e+00 3.0150e+00 1.9384e-01
2.6901e+00 3.0150e+00 1.9384e-01
2.6901e+00 3.0150e+00 1.9384e-01
2.6901e+00 3.0150e+00 1.9384e-01
2.6901e+00 3.0150e+00 1.9384e-01
2.6901e+00 3.0150e+00 1.9384e-01
2.6901e+00 3.0150e+00 1.9384e-01
2.6901e+00 3.0150e+00 1.9384e-01
2.6901e+00 3.0150e+00 1.9370e-01
2.6901e+00 3.0151e+00 1.9355e-01
2.6901e+00 3.0150e+00 1.9370e-01
2.6901e+00 3.0150e+00 1.9384e-01
2.6901e+00 3.0150e+00 1.9384e-01
2.6901e+00 3.0150e+00 1.9384e-01
2.6904e+00 3.0082e+00 1.9181e-01
2.6904e+00 3.0082e+00 1.9181e-01
2.6901e+00 3.0151e+00 1.9355e-01
2.6901e+00 3.0150e+00 1.9384e-01
2.6901e+00 3.0150e+00 1.9384e-01
2.6901e+00 3.0151e+00 1.9355e-01
2.6901e+00 3.0150e+00 1.9384e-01
2.6901e+00 3.0150e+00 1.9384e-01
2.6901e+00 3.0150e+00 1.9384e-01
2.6901e+00 3.0150e+00 1.9384e-01
2.6901e+00 3.0150e+00 1.9384e-01
2.6901e+00 3.0150e+00 1.9384e-01
2.6901e+00 3.0150e+00 1.9384e-01
2.6901e+00 3.0150e+00 1.9384e-01
2.6901e+00 3.0150e+00 1.9384e-01
2.6901e+00 3.0150e+00 1.9384e-01
2.6901e+00 3.0150e+00 1.9384e-01
2.6901e+00 3.0150e+00 1.9384e-01
2.6904e+00 3.0082e+00 1.9181e-01
2.6904e+00 3.0082e+00 1.9181e-01
2.6901e+00 3.0151e+00 1.9355e-01
2.6901e+00 3.0150e+00 1.9384e-01
2.6901e+00 3.0150e+00 1.9384e-01
2.6901e+00 3.0151e+00 1.9355e-01
