0.655002
4.4184e+01 1.1512e-01 1.8025e+01
4.4411e+01 1.1137e-01 1.8670e+01
4.4184e+01 1.1512e-01 1.8025e+01
4.4135e+01 1.1461e-01 1.8135e+01
4.4130e+01 1.1459e-01 1.8143e+01
4.4135e+01 1.1461e-01 1.8135e+01
4.4135e+01 1.1461e-01 1.8136e+01
4.4139e+01 1.1463e-01 1.8129e+01
4.4135e+01 1.1461e-01 1.8136e+01
4.4130e+01 1.1459e-01 1.8143e+01
4.4130e+01 1.1458e-01 1.8144e+01
4.4130e+01 1.1459e-01 1.8143e+01
4.4130e+01 1.1458e-01 1.8144e+01
4.4130e+01 1.1458e-01 1.8144e+01
4.4130e+01 1.1458e-01 1.8144e+01
4.4130e+01 1.1458e-01 1.8145e+01
4.4130e+01 1.1458e-01 1.8145e+01
4.4130e+01 1.1458e-01 1.8145e+01
4.4135e+01 1.1461e-01 1.8136e+01
4.4139e+01 1.1463e-01 1.8129e+01
4.4135e+01 1.1461e-01 1.8136e+01
4.4130e+01 1.1459e-01 1.8143e+01
4.4130e+01 1.1458e-01 1.8144e+01
4.4130e+01 1.1459e-01 1.8143e+01
4.4184e+01 1.1512e-01 1.8025e+01
4.4184e+01 1.1512e-01 1.8025e+01
4.4139e+01 1.1463e-01 1.8129e+01
4.4130e+01 1.1459e-01 1.8143e+01
4.4130e+01 1.1459e-01 1.8143e+01
4.4139e+01 1.1463e-01 1.8129e+01
4.4130e+01 1.1459e-01 1.8143e+01
4.4130e+01 1.1459e-01 1.8143e+01
4.4130e+01 1.1458e-01 1.8144e+01
4.4130e+01 1.1458e-01 1.8145e+01
4.4130e+01 1.1458e-01 1.8145e+01
4.4130e+01 1.1458e-01 1.8144e+01
4.4130e+01 1.1459e-01 1.8143e+01
4.4130e+01 1.1459e-01 1.8143e+01
4.4130e+01 1.1458e-01 1.8144e+01
4.4130e+01 1.1458e-01 1.8145e+01
4.4130e+01 1.1458e-01 1.8145e+01
4.4130e+01 1.1458e-01 1.8144e+01
4.4184e+01 1.1512e-01 1.8025e+01
4.4184e+01 1.1512e-01 1.8025e+01
4.4139e+01 1.1463e-01 1.8129e+01
4.4130e+01 1.1459e-01 1.8143e+01
4.4130e+01 1.1459e-01 1.8143e+01
4.4139e+01 1.1463e-01 1.8129e+01
